-0.08548829704523087
0.2193903774023056
0.09717628359794617
-0.07202045619487762
-0.11253118515014648
0.17321236431598663
-0.11864142119884491
-0.0384257547557354
0.07935738563537598
-0.19651229679584503
0.30309784412384033
-0.01898951083421707
-0.26095259189605713
-0.04666413739323616
0.03301306068897247
0.15771827101707458
-0.1385115087032318
-0.10462966561317444
-0.13146936893463135
-0.05811562016606331
0.0567760206758976
0.06807922571897507
-0.021841272711753845
0.0013073659501969814
-0.11843391507863998
-0.3312973380088806
-0.0018059927970170975
-0.051249049603939056
-0.008640900254249573
-0.13884712755680084
-0.016830924898386
-0.042556412518024445
-0.12249188125133514
0.10338808596134186
-0.02261694148182869
0.07768687605857849
-0.10740193724632263
-0.05021608620882034
0.20063120126724243
-0.04325898736715317
-0.22129076719284058
0.10797777026891708
0.01962970569729805
0.21233119070529938
0.14668592810630798
-0.0035751694813370705
-0.016443094238638878
-0.08553870767354965
0.1785304993391037
-0.24057255685329437
0.07200614362955093
0.20668406784534454
0.15848597884178162
0.07810898870229721
0.047043342143297195
-0.14332684874534607
0.013564130291342735
0.07949687540531158
-0.164078950881958
-0.0030285168904811144
0.0370396189391613
-0.12622669339179993
-0.062467191368341446
-0.09689437597990036
0.13133271038532257
0.11895721405744553
-0.14964760839939117
-0.22514775395393372
0.0917070135474205
-0.09933024644851685
-0.07669331133365631
0.15175755321979523
-0.15481090545654297
-0.21016757190227509
-0.27148526906967163
0.09240316599607468
0.3703373670578003
0.15991944074630737
-0.21185599267482758
-0.017705287784337997
0.0064567942172288895
-0.0479656346142292
0.029580846428871155
0.1552988439798355
-0.05790623277425766
-0.08123454451560974
-0.06164632365107536
0.0930156484246254
0.17048998177051544
-0.08830634504556656
-0.07177823781967163
0.2297680675983429
0.07642323523759842
0.07228682190179825
-0.024607615545392036
0.0555209182202816
-0.06979528814554214
-0.03241824358701706
-0.0958910882472992
0.032584648579359055
-0.023770863190293312
-0.07577340304851532
-0.07443764060735703
0.06932660192251205
-0.16859324276447296
0.2511368691921234
-0.011330883949995041
0.00276974868029356
-0.00043342821300029755
0.04119829088449478
-0.10290052741765976
-0.006453564390540123
0.14824222028255463
-0.27972477674484253
0.16238313913345337
0.1872938871383667
0.10338425636291504
0.1304449439048767
0.17015224695205688
0.07657457888126373
0.03681442514061928
-0.024768266826868057
-0.23974043130874634
-0.13934049010276794
0.05995591729879379
-0.018206041306257248
0.02486596815288067
0.020292356610298157
