-0.09877322614192963
0.19064584374427795
0.09033313393592834
-0.07108671963214874
-0.11009242385625839
0.1774250864982605
-0.06237915903329849
-0.021132584661245346
0.09198404103517532
-0.19408641755580902
0.31715527176856995
-0.007144993171095848
-0.24471956491470337
-0.047575268894433975
0.042567361146211624
0.18145816028118134
-0.14972224831581116
-0.1217421293258667
-0.12427884340286255
-0.08038553595542908
0.025647662580013275
0.13377198576927185
-0.011950863525271416
0.01809929683804512
-0.15489225089550018
-0.34833699464797974
0.005326542071998119
-0.0402565635740757
0.015663104131817818
-0.14161132276058197
-0.045798271894454956
-0.004068352282047272
-0.13223421573638916
0.1012696623802185
0.0014677345752716064
0.04437747225165367
-0.09898054599761963
-0.08413390815258026
0.2561367452144623
0.03287447616457939
-0.22003784775733948
0.047361694276332855
0.007782137952744961
0.2760000228881836
0.1255476027727127
-0.05483569949865341
-0.00482330285012722
-0.06935924291610718
0.15770238637924194
-0.2504781186580658
0.08057158440351486
0.19430793821811676
0.11479773372411728
0.05964190885424614
0.0028417930006980896
-0.12132760882377625
-0.0431661419570446
0.0895189642906189
-0.12008918076753616
-0.0064168451353907585
0.028232600539922714
-0.13650023937225342
-0.06316212564706802
-0.12959185242652893
0.13728192448616028
0.105821892619133
-0.13393113017082214
-0.2154286652803421
0.08256633579730988
-0.07288525998592377
-0.1048215702176094
0.11216963082551956
-0.1625632345676422
-0.1815449446439743
-0.28907740116119385
0.08814716339111328
0.36265039443969727
0.12779618799686432
-0.19238018989562988
-0.016168775036931038
0.001595084322616458
-0.05703273043036461
0.04994833469390869
0.17392121255397797
-0.07364073395729065
-0.04898177832365036
-0.03147827833890915
0.1356888711452484
0.21871131658554077
-0.06944294273853302
-0.09854844212532043
0.2163039594888687
0.047520533204078674
0.06942695379257202
0.0004003699868917465
0.05106598511338234
-0.046866223216056824
-0.02742907777428627
-0.07949978113174438
0.05296316742897034
0.007976934313774109
-0.07203495502471924
-0.04531657695770264
0.13271811604499817
-0.20280994474887848
0.25372764468193054
-0.00030909664928913116
-0.01589549332857132
0.04573493078351021
0.0363805778324604
-0.11806777864694595
-0.020347656682133675
0.13646723330020905
-0.2365550398826599
0.14251455664634705
0.18438933789730072
0.09844545274972916
0.14112074673175812
0.16215448081493378
0.055371981114149094
0.011189131997525692
0.002377653494477272
-0.2518685758113861
-0.11189702898263931
0.11079733073711395
-0.005276734009385109
0.05321589112281799
0.01296950038522482
