-0.10309773683547974
0.18039381504058838
0.07512088865041733
-0.06874556839466095
-0.10924123972654343
0.1684381067752838
-0.08017771691083908
-0.019858013838529587
0.08734595775604248
-0.18957872688770294
0.322708398103714
-0.01087435707449913
-0.25367146730422974
-0.03863734379410744
0.05631452053785324
0.16575057804584503
-0.13796627521514893
-0.09889807552099228
-0.13296657800674438
-0.07427843660116196
0.033738281577825546
0.12272625416517258
-0.0029088566079735756
0.027027089148759842
-0.14637993276119232
-0.3545141816139221
-0.003857106901705265
-0.03946182131767273
0.008369999006390572
-0.146920308470726
-0.029428493231534958
-0.005757022183388472
-0.11630819737911224
0.10057961940765381
0.004143500700592995
0.0515376515686512
-0.10125494003295898
-0.06870593130588531
0.261508047580719
0.017057914286851883
-0.22406940162181854
0.042658235877752304
0.018182415515184402
0.2640167772769928
0.12052113562822342
-0.041760750114917755
-0.002023974433541298
-0.07985785603523254
0.15070828795433044
-0.24039298295974731
0.07690635323524475
0.19702087342739105
0.11539938300848007
0.06265819817781448
0.01704677939414978
-0.1300894021987915
-0.037888579070568085
0.09375915676355362
-0.1268770545721054
-0.0059622772969305515
0.02299646846950054
-0.13240717351436615
-0.07131163030862808
-0.12679226696491241
0.14365430176258087
0.11148934066295624
-0.14540623128414154
-0.23063407838344574
0.07722266018390656
-0.07669873535633087
-0.11028222739696503
0.13539335131645203
-0.16353300213813782
-0.1935722976922989
-0.29802119731903076
0.08154867589473724
0.36423516273498535
0.12048500031232834
-0.1978992074728012
-0.017126500606536865
-0.005586408078670502
-0.07422981411218643
0.03945587947964668
0.16714626550674438
-0.07329344749450684
-0.05626645311713219
-0.034960705786943436
0.1282271146774292
0.2048952728509903
-0.07032490521669388
-0.09125960618257523
0.21062512695789337
0.05632635951042175
0.07773186266422272
-0.0020150383934378624
0.07099491357803345
-0.06624887138605118
-0.03231106698513031
-0.0909636914730072
0.03750937432050705
0.014280904084444046
-0.07216283679008484
-0.03835156932473183
0.12164647877216339
-0.20639191567897797
0.26455244421958923
0.004973248578608036
-0.022739941254258156
0.046436019241809845
0.050090547651052475
-0.12479152530431747
-0.021326111629605293
0.14405441284179688
-0.2569257616996765
0.14151322841644287
0.18335872888565063
0.11170388758182526
0.14180845022201538
0.16748611629009247
0.06567982584238052
0.0077872853726148605
0.008640067651867867
-0.252722829580307
-0.10835780948400497
0.09240447729825974
0.004220427945256233
0.04231768101453781
0.011617332696914673
