-0.06150650233030319
0.1381227821111679
0.09917408972978592
-0.07305022329092026
-0.10109852254390717
0.1418817788362503
-0.13798175752162933
-0.023048385977745056
0.0791870653629303
-0.18931451439857483
0.2796935439109802
-0.008887669071555138
-0.2317437082529068
-0.03351431339979172
0.02315802127122879
0.15155047178268433
-0.11593920737504959
-0.07349031418561935
-0.10668294131755829
-0.06765101850032806
0.04494888335466385
0.09920861572027206
-0.01916755735874176
0.0038442984223365784
-0.055603694170713425
-0.3471083641052246
-0.058428891003131866
-0.04132665693759918
0.02559535950422287
-0.12768299877643585
-0.028207384049892426
-0.01902332529425621
-0.10504503548145294
0.08268687129020691
0.01973249763250351
0.07754064351320267
-0.07996436208486557
-0.04189595207571983
0.17892234027385712
-0.004461375065147877
-0.21338360011577606
0.07928566634654999
0.008878231048583984
0.21840693056583405
0.11350882053375244
0.04917266219854355
0.000758294016122818
-0.09493829309940338
0.16223539412021637
-0.2112627923488617
0.10349860042333603
0.19920320808887482
0.11927662044763565
0.07084446400403976
0.04083295166492462
-0.16643692553043365
0.01257348619401455
0.10169756412506104
-0.178961843252182
0.02629917860031128
0.03527286648750305
-0.1460423469543457
-0.04981372132897377
-0.08119489997625351
0.13003945350646973
0.11884579062461853
-0.14111217856407166
-0.2387736439704895
0.1284174919128418
-0.09243769198656082
-0.044874850660562515
0.14165282249450684
-0.16047747433185577
-0.20310643315315247
-0.24778056144714355
0.10282091051340103
0.40438348054885864
0.14894038438796997
-0.17000612616539001
0.008205577731132507
-0.003320088842883706
-0.06402187049388885
0.029315635561943054
0.17437519133090973
-0.04424305260181427
-0.05000537633895874
-0.041761524975299835
0.09045998007059097
0.14064384996891022
-0.07486232370138168
-0.049049995839595795
0.20822519063949585
0.03385002166032791
0.09115861356258392
-0.014206316322088242
0.08308179676532745
-0.08462801575660706
-0.021606408059597015
-0.09408415108919144
0.004214647226035595
-0.021817300468683243
-0.07770700752735138
-0.03899440914392471
0.06797713041305542
-0.1659127026796341
0.2650599479675293
-0.017441866919398308
-0.02193773165345192
-0.008708092384040356
0.03288348764181137
-0.06406273692846298
-0.002785748802125454
0.15115275979042053
-0.277858167886734
0.17050769925117493
0.18720287084579468
0.1303623914718628
0.17397792637348175
0.13456246256828308
0.10581985116004944
0.037543416023254395
-0.08128520101308823
-0.2434569150209427
-0.1203475147485733
0.032143980264663696
0.0016631963662803173
0.010959451086819172
0.026605725288391113
