-0.0900680273771286
0.1847987174987793
0.08300618827342987
-0.05606967955827713
-0.11900094896554947
0.159046933054924
-0.1431991457939148
-0.034044794738292694
0.07284260541200638
-0.13458296656608582
0.2599148452281952
0.03664986044168472
-0.2239414006471634
-0.04487556591629982
0.02540050819516182
0.16241854429244995
-0.12658777832984924
-0.0798274502158165
-0.07828152924776077
-0.06036046892404556
0.05266106128692627
0.09302890300750732
-0.022416088730096817
0.014838702976703644
-0.027914606034755707
-0.3194442391395569
-0.007136600092053413
-0.04377304017543793
0.025591034442186356
-0.1312209963798523
-0.016486596316099167
-0.057417627424001694
-0.14446374773979187
0.08931368589401245
0.022597050294280052
0.022374343127012253
-0.0965939536690712
-0.07249172776937485
0.20689144730567932
-0.049575574696063995
-0.1801510900259018
0.06060422211885452
0.018194090574979782
0.17698349058628082
0.13812455534934998
-0.00034093670547008514
0.012628421187400818
-0.09135149419307709
0.172072634100914
-0.19216220080852509
0.0546732097864151
0.19111090898513794
0.12610912322998047
0.03972093015909195
0.052867017686367035
-0.1767740100622177
-0.024419721215963364
0.10281793773174286
-0.1169269010424614
0.03022398240864277
-0.012222107499837875
-0.13125407695770264
-0.0503951795399189
-0.11673702299594879
0.12636668980121613
0.06810884177684784
-0.10928026586771011
-0.24449476599693298
0.12706242501735687
-0.08538475632667542
-0.05888766795396805
0.12362578511238098
-0.13099801540374756
-0.21779902279376984
-0.22891566157341003
0.08315923064947128
0.3473156988620758
0.1468837410211563
-0.22960907220840454
0.021040890365839005
0.0183555968105793
-0.06348638236522675
0.03507252037525177
0.1634853333234787
-0.022144068032503128
-0.08422467112541199
-0.04149898514151573
0.03027372434735298
0.19567836821079254
-0.06999377906322479
-0.031033454462885857
0.21493308246135712
0.04298955947160721
0.05582290142774582
-0.01752629317343235
0.03067896142601967
-0.04615037888288498
-0.013334792107343674
-0.08368800580501556
0.018958840519189835
-0.071956567466259
-0.10037904232740402
-0.046337924897670746
0.08407831192016602
-0.1795569509267807
0.1899873912334442
-0.01531980000436306
-0.0025805803015828133
-0.02260148897767067
0.04814467579126358
-0.09349291771650314
-0.025087153539061546
0.1394658386707306
-0.26383158564567566
0.2018810510635376
0.1822352111339569
0.09388093650341034
0.1698453724384308
0.10995705425739288
0.12937316298484802
0.050908736884593964
-0.0406305305659771
-0.20509633421897888
-0.13060909509658813
0.04693755507469177
-0.012911268509924412
-0.01677533984184265
0.02306300401687622
