-0.04032919928431511
0.13044065237045288
0.1176239401102066
-0.08450032770633698
-0.08566722273826599
0.12921497225761414
-0.14157569408416748
-0.021017473191022873
0.0765877440571785
-0.18943879008293152
0.2843538820743561
0.00036250147968530655
-0.22951838374137878
-0.02236892841756344
0.03841458633542061
0.14655810594558716
-0.10193907469511032
-0.0683540478348732
-0.0973878875374794
-0.06859935820102692
0.058826085180044174
0.09256597608327866
-0.021334458142518997
0.009029798209667206
-0.05326126515865326
-0.3410482704639435
-0.05516906827688217
-0.023380935192108154
0.020513121038675308
-0.10809008777141571
-0.010520105250179768
-0.023119650781154633
-0.12335514277219772
0.08691436052322388
0.007633925415575504
0.05446987226605415
-0.10044711083173752
-0.05438873916864395
0.18947340548038483
0.00737400446087122
-0.2193414568901062
0.07681623846292496
-0.0057789646089077
0.21509087085723877
0.11525069177150726
0.036956578493118286
0.01714136078953743
-0.0863591879606247
0.15161049365997314
-0.2241162359714508
0.0937161073088646
0.20972983539104462
0.1248406171798706
0.053500864654779434
0.03557763248682022
-0.1469551920890808
0.010749496519565582
0.10697097331285477
-0.18839137256145477
0.04006173834204674
0.04417525231838226
-0.13413330912590027
-0.06789414584636688
-0.09637729078531265
0.12255556136369705
0.13330534100532532
-0.1529599130153656
-0.24187220633029938
0.12201450765132904
-0.09925097227096558
-0.06280922144651413
0.14171810448169708
-0.16530205309391022
-0.20757611095905304
-0.2620774805545807
0.0845782607793808
0.38683414459228516
0.14062725007534027
-0.18012748658657074
0.004061896353960037
-0.004914051853120327
-0.03729206323623657
0.04194565489888191
0.17012594640254974
-0.04184303432703018
-0.04861760139465332
-0.028195921331644058
0.08245141804218292
0.1400098353624344
-0.06806813925504684
-0.06433587521314621
0.22077395021915436
0.036467742174863815
0.08162450045347214
-0.02483133226633072
0.08808689564466476
-0.06600373238325119
-0.03011784702539444
-0.10126268863677979
0.008898542262613773
-0.02585071511566639
-0.0667528510093689
-0.034873541444540024
0.08416908234357834
-0.18082526326179504
0.27402395009994507
-0.019947420805692673
-0.007152235601097345
0.01641714759171009
0.0513961985707283
-0.08435969799757004
-0.020465854555368423
0.14003582298755646
-0.2705920338630676
0.1486997902393341
0.1944572776556015
0.11985944956541061
0.1427762806415558
0.13853856921195984
0.10295931994915009
0.032591722905635834
-0.0768452063202858
-0.2587188482284546
-0.12061353027820587
0.02062835916876793
0.0068497126922011375
0.0037866756319999695
0.019855009391903877
