-0.08576277643442154
0.1342879831790924
0.1618267148733139
-0.07200440019369125
-0.13040444254875183
0.10216694325208664
-0.16880594193935394
-0.0594295859336853
0.03361799940466881
-0.2017775923013687
0.27688848972320557
-0.007513393647968769
-0.2337806224822998
-0.047352734953165054
0.07149911671876907
0.16291655600070953
-0.17120994627475739
-0.10825368016958237
-0.08950654417276382
-0.025891616940498352
-0.00672898581251502
0.09464215487241745
0.006159454118460417
-0.001038153888657689
-0.05116444081068039
-0.34098994731903076
-0.05999979004263878
-0.05622272193431854
0.06156204268336296
-0.113494373857975
-0.06586030125617981
-0.08544179052114487
-0.131434366106987
0.05806919187307358
-0.004254139959812164
0.057535432279109955
-0.07739663869142532
-0.05971433222293854
0.1973574459552765
-0.03206554055213928
-0.22621218860149384
0.03097897209227085
0.009363800287246704
0.17422351241111755
0.1799687147140503
0.0545496866106987
0.023369835689663887
-0.07229264825582504
0.16313058137893677
-0.24848896265029907
0.16789007186889648
0.15643532574176788
0.17633184790611267
0.07586987316608429
0.03306242823600769
-0.17716524004936218
-0.03614769130945206
0.16980010271072388
-0.14910569787025452
0.09727943688631058
0.0897226482629776
-0.10433690994977951
0.00010032858699560165
-0.07638370990753174
0.17835135757923126
0.12400054931640625
-0.14834915101528168
-0.2260167896747589
0.1481032371520996
-0.10793604701757431
-0.11386852711439133
0.09787953644990921
-0.1412787288427353
-0.17044289410114288
-0.2960762679576874
0.05986018851399422
0.3466261923313141
0.14812342822551727
-0.20765183866024017
-0.06144610419869423
-0.007907716557383537
-0.06262336671352386
0.009294643998146057
0.16420869529247284
-0.03486567735671997
-0.08494362980127335
-0.037384990602731705
0.03374028578400612
0.1860238015651703
-0.046372368931770325
-0.032330919057130814
0.22388418018817902
0.03314097970724106
0.08256116509437561
-0.0156695619225502
0.07547840476036072
-0.04672431945800781
-0.030328474938869476
-0.08758967369794846
0.03411677107214928
-0.07160608470439911
-0.07295489311218262
-0.038760263472795486
0.11702252924442291
-0.15413068234920502
0.27888578176498413
-0.038281116634607315
0.015829062089323997
-0.004319910891354084
0.04458808898925781
-0.07020583003759384
-0.02587551809847355
0.16639520227909088
-0.24099430441856384
0.18791018426418304
0.20861881971359253
0.12260175496339798
0.1511954963207245
0.10922004282474518
0.12673622369766235
0.044901907444000244
-0.0498647466301918
-0.2600548267364502
-0.12883791327476501
0.03701300919055939
-0.0451936200261116
0.03743669390678406
0.10510766506195068
