-0.07335807383060455
0.17057466506958008
0.10576429218053818
-0.08817876875400543
-0.11105537414550781
0.16576088964939117
-0.09584027528762817
-0.020268067717552185
0.07215523719787598
-0.18827064335346222
0.2826422154903412
-0.008396481163799763
-0.25067561864852905
-0.03682629019021988
0.07086776942014694
0.14757385849952698
-0.11000102758407593
-0.08917979896068573
-0.11346374452114105
-0.07172074913978577
0.04547828435897827
0.13182269036769867
0.015951137989759445
0.008766453713178635
-0.12150567024946213
-0.36841854453086853
-0.021791137754917145
-0.04567071795463562
0.05682191625237465
-0.12206702679395676
-0.032485343515872955
-0.006519773509353399
-0.11545410752296448
0.10937301814556122
0.011801853775978088
0.07423186302185059
-0.11794744431972504
-0.0814003199338913
0.24091298878192902
0.031078390777111053
-0.24931037425994873
0.06617490947246552
-0.006201768293976784
0.26424747705459595
0.13250593841075897
-0.03158935531973839
0.021810732781887054
-0.06630148738622665
0.1593877226114273
-0.23385044932365417
0.10025419294834137
0.19518494606018066
0.12737566232681274
0.06146388500928879
0.0354580357670784
-0.12233680486679077
-0.0019082818180322647
0.08872517943382263
-0.18496249616146088
0.009371163323521614
0.06335333734750748
-0.13647538423538208
-0.06348925083875656
-0.11148224771022797
0.14366567134857178
0.13466116786003113
-0.14623260498046875
-0.2274155467748642
0.10610686242580414
-0.10356752574443817
-0.08018702268600464
0.1507880538702011
-0.17097733914852142
-0.16275650262832642
-0.2638431787490845
0.07777480036020279
0.37040579319000244
0.14874716103076935
-0.18001487851142883
-0.022570565342903137
-0.004250990226864815
-0.03434392809867859
0.052102625370025635
0.17970173060894012
-0.07939951866865158
-0.036894574761390686
-0.012830736115574837
0.11631925404071808
0.17872263491153717
-0.07130520045757294
-0.09187193959951401
0.22766536474227905
0.07427920401096344
0.07792511582374573
0.005730614997446537
0.059434130787849426
-0.06089650094509125
-0.06193355470895767
-0.0920572578907013
0.025010395795106888
-0.013903508894145489
-0.10054067522287369
-0.022883456200361252
0.12228558957576752
-0.21450939774513245
0.29296520352363586
-0.007713585160672665
-0.01463417150080204
0.050669386982917786
0.04965026676654816
-0.09214209020137787
-0.014183854684233665
0.13379815220832825
-0.274342805147171
0.14096853137016296
0.18990817666053772
0.11531214416027069
0.12990210950374603
0.1482943743467331
0.07354173064231873
0.013370235450565815
-0.03301606699824333
-0.2445022314786911
-0.12040755152702332
0.07128343731164932
0.002502046525478363
0.03279275447130203
0.015026822686195374
