-0.06948573887348175
0.18643176555633545
0.08839398622512817
-0.03762383759021759
-0.11111605912446976
0.1660722941160202
-0.09035027027130127
-0.02302439697086811
0.07970579713582993
-0.15675364434719086
0.31343716382980347
-0.03214825317263603
-0.23550942540168762
-0.056628111749887466
0.03559263050556183
0.17856715619564056
-0.10281312465667725
-0.08479874581098557
-0.13259784877300262
-0.07197389006614685
0.039411235600709915
0.1063413918018341
-0.025537654757499695
0.01986861042678356
-0.11934010684490204
-0.36272209882736206
-0.01091533713042736
-0.04962523281574249
0.04061313346028328
-0.16653145849704742
-0.04069796949625015
-0.009436525404453278
-0.12739072740077972
0.08775820583105087
0.00048803724348545074
0.024008674547076225
-0.09506136178970337
-0.08654902875423431
0.23480933904647827
-0.00817754864692688
-0.20629337430000305
0.060645777732133865
0.0023675579577684402
0.23141130805015564
0.1388091742992401
-0.03594856336712837
0.03710737079381943
-0.12496587634086609
0.1727457344532013
-0.18256425857543945
0.054658494889736176
0.19320756196975708
0.10379074513912201
0.055248137563467026
0.03650147467851639
-0.1372690498828888
-0.03672531992197037
0.09349256753921509
-0.13304577767848969
-0.013402282260358334
0.015205999836325645
-0.08952212333679199
-0.07257905602455139
-0.13643665611743927
0.11934264004230499
0.07249791920185089
-0.11063836514949799
-0.23279719054698944
0.12955017387866974
-0.07709440588951111
-0.04848689213395119
0.13386893272399902
-0.1569601446390152
-0.1990741491317749
-0.2623688876628876
0.08194132149219513
0.40322941541671753
0.11130578070878983
-0.2083260864019394
0.01727103255689144
-0.005086909048259258
-0.08281688392162323
0.06386999040842056
0.14382784068584442
-0.04742319881916046
-0.08194627612829208
-0.026529548689723015
0.12204813212156296
0.2148807942867279
-0.07676135003566742
-0.03919889032840729
0.17558754980564117
0.04293975606560707
0.05254961922764778
-0.005567533895373344
0.04669099673628807
-0.07413484901189804
0.016505612060427666
-0.058578453958034515
0.05106411874294281
-0.018977012485265732
-0.09009142965078354
-0.03232569992542267
0.08722579479217529
-0.19053134322166443
0.26091235876083374
0.02591508813202381
-0.002966415137052536
0.03153170645236969
0.03687775880098343
-0.11591137945652008
0.0016031493432819843
0.16354429721832275
-0.2667677104473114
0.1621660590171814
0.146989643573761
0.08868591487407684
0.14072160422801971
0.13059455156326294
0.11816257983446121
0.00957471877336502
-0.01920536905527115
-0.26115676760673523
-0.09680382907390594
0.0804896280169487
-0.0218711718916893
0.015409151092171669
0.003561219200491905
