-0.06166459619998932
0.18250605463981628
0.10376257449388504
-0.09244070202112198
-0.10880766063928604
0.16393138468265533
-0.08457203209400177
-0.0142095647752285
0.07463273406028748
-0.17842544615268707
0.2990892231464386
-0.01779891736805439
-0.24616995453834534
-0.042194683104753494
0.0749247670173645
0.1511574238538742
-0.12231744080781937
-0.09840444475412369
-0.11883780360221863
-0.06261931359767914
0.049580588936805725
0.1292300522327423
-0.002800353802740574
0.007755796890705824
-0.12290433049201965
-0.3621121346950531
-0.01916388049721718
-0.040892183780670166
0.05500056594610214
-0.13489991426467896
-0.023112723603844643
-0.011166740208864212
-0.12442758679389954
0.10862378776073456
0.013037042692303658
0.05130990594625473
-0.11294584721326828
-0.08820460736751556
0.24459251761436462
0.026456017047166824
-0.25416192412376404
0.07094566524028778
0.010665442794561386
0.24691779911518097
0.13155098259449005
-0.03584492579102516
0.026001624763011932
-0.05774949863553047
0.14281952381134033
-0.22753845155239105
0.10019449889659882
0.20140904188156128
0.12993404269218445
0.06487806886434555
0.03313484787940979
-0.13423405587673187
-0.021135959774255753
0.09513647854328156
-0.17109449207782745
0.017111875116825104
0.06827417761087418
-0.1335003674030304
-0.062080707401037216
-0.10224034637212753
0.12983158230781555
0.13062883913516998
-0.1387048065662384
-0.24267925322055817
0.10958932340145111
-0.10168904066085815
-0.08857657760381699
0.15530122816562653
-0.16854733228683472
-0.1631266474723816
-0.25690728425979614
0.07979168742895126
0.37070485949516296
0.13749848306179047
-0.18965885043144226
-0.026930520310997963
0.00012188171967864037
-0.03575931489467621
0.05371026694774628
0.17296764254570007
-0.06619760394096375
-0.05124480277299881
-0.021808121353387833
0.1128554493188858
0.1924135982990265
-0.06040000170469284
-0.0929766446352005
0.21653810143470764
0.06673769652843475
0.06044569984078407
-0.00031238188967108727
0.05182772874832153
-0.04573621228337288
-0.055888015776872635
-0.08024688810110092
0.032375268638134
-0.027486804872751236
-0.09847304970026016
-0.0460025817155838
0.12988132238388062
-0.20501038432121277
0.2816826105117798
-0.004103044979274273
-0.01887788251042366
0.029170483350753784
0.062105465680360794
-0.08068448305130005
-0.007421956397593021
0.12851732969284058
-0.2687694728374481
0.1537986695766449
0.1854521483182907
0.1060447245836258
0.12209530174732208
0.138040691614151
0.0814833790063858
0.0247430931776762
-0.03535490855574608
-0.24523332715034485
-0.13126277923583984
0.05746573582291603
0.0031212111935019493
0.03893990442156792
0.012108096852898598
