-0.07565628737211227
0.15629103779792786
0.09515760838985443
-0.07614588737487793
-0.09521524608135223
0.16681277751922607
-0.11813431978225708
-0.024818919599056244
0.08773773908615112
-0.20048314332962036
0.28933894634246826
-0.024380072951316833
-0.26741358637809753
-0.04433617368340492
0.03529168292880058
0.14903679490089417
-0.10437555611133575
-0.11166767030954361
-0.10423174500465393
-0.07245040684938431
0.05646191164851189
0.06069864705204964
-0.04663611203432083
0.0074969022534787655
-0.11040955781936646
-0.34549373388290405
-0.04893434792757034
-0.04129539430141449
0.0052915941923856735
-0.13715612888336182
-0.016356710344552994
-0.0256777536123991
-0.10221172869205475
0.10257260501384735
-0.013519823551177979
0.060807965695858
-0.07811325788497925
-0.03767062723636627
0.217710942029953
-0.00694513414055109
-0.213187575340271
0.07787565141916275
0.013216120190918446
0.23494738340377808
0.10641796886920929
0.013615023344755173
0.010800572112202644
-0.10376964509487152
0.16824175417423248
-0.2275046557188034
0.09930992126464844
0.2149191051721573
0.13840320706367493
0.08333763480186462
0.055527351796627045
-0.1442246437072754
0.0008081160485744476
0.0998733714222908
-0.16643238067626953
0.04140930995345116
0.021666407585144043
-0.13526220619678497
-0.06379709392786026
-0.10809294879436493
0.13258898258209229
0.1157640665769577
-0.1383708119392395
-0.2478996068239212
0.11694429069757462
-0.09234146773815155
-0.08186890929937363
0.15624332427978516
-0.15828119218349457
-0.19760137796401978
-0.2925746738910675
0.09392958879470825
0.38958102464675903
0.15770094096660614
-0.20974192023277283
0.0056860176846385
-0.01864197663962841
-0.06741302460432053
0.061647213995456696
0.15352337062358856
-0.038513243198394775
-0.07231171429157257
-0.051660098135471344
0.08838021010160446
0.17608200013637543
-0.07994236052036285
-0.06465897709131241
0.1943809539079666
0.06549952179193497
0.09328176081180573
-0.02469829097390175
0.08573085069656372
-0.0850231796503067
-0.03487833961844444
-0.09623781591653824
0.005219145677983761
-0.019427556544542313
-0.05285387113690376
-0.04319886490702629
0.07125748693943024
-0.18178141117095947
0.26899269223213196
0.009930522181093693
-0.023612312972545624
-0.008188324980437756
0.055914703756570816
-0.0940016582608223
-0.0018225339008495212
0.149757981300354
-0.30113235116004944
0.15035414695739746
0.18410594761371613
0.11192061007022858
0.14067523181438446
0.14946091175079346
0.0873543918132782
0.017231229692697525
-0.06166189908981323
-0.2359485775232315
-0.11932732164859772
0.04207067936658859
0.013847287744283676
0.012970787473022938
0.02611486427485943
