-0.0451912023127079
0.1200195848941803
0.10997561365365982
-0.09367062896490097
-0.07383374124765396
0.1279207468032837
-0.13681019842624664
-0.0217285118997097
0.09093828499317169
-0.19886477291584015
0.275269478559494
-0.009064650163054466
-0.23422028124332428
-0.025240592658519745
0.04580432549118996
0.1418289989233017
-0.10588928312063217
-0.06900328397750854
-0.10919209569692612
-0.07241656631231308
0.050330013036727905
0.08523623645305634
-0.027180278673768044
0.011542761698365211
-0.058108650147914886
-0.3283824920654297
-0.05406620353460312
-0.03717408329248428
0.029568223282694817
-0.1046956330537796
-0.01998654007911682
-0.0255007091909647
-0.12205544114112854
0.0790800228714943
0.0054070912301540375
0.063898965716362
-0.10664936155080795
-0.05481308326125145
0.1943378448486328
0.002390843816101551
-0.21746844053268433
0.06363730132579803
-0.0128429364413023
0.21172861754894257
0.112230584025383
0.04050568491220474
0.005474414676427841
-0.08971599489450455
0.1654631346464157
-0.2288029044866562
0.08788764476776123
0.21294638514518738
0.12077710032463074
0.06913701444864273
0.04124748706817627
-0.15140710771083832
0.029389606788754463
0.09607843309640884
-0.19540339708328247
0.03592856228351593
0.04345116391777992
-0.14391571283340454
-0.06630899012088776
-0.09726963192224503
0.12524095177650452
0.1325308382511139
-0.15009824931621552
-0.24260389804840088
0.12708629667758942
-0.10699501633644104
-0.06499918550252914
0.14239385724067688
-0.15778400003910065
-0.20022162795066833
-0.2710232734680176
0.06484194099903107
0.3824363350868225
0.1488768458366394
-0.18198204040527344
0.005449564196169376
-0.014782669022679329
-0.05083175376057625
0.05255325138568878
0.16919387876987457
-0.037799447774887085
-0.04472725838422775
-0.024520479142665863
0.07063057273626328
0.14506421983242035
-0.07343779504299164
-0.06084636226296425
0.20669963955879211
0.04179222136735916
0.0859432965517044
-0.025637460872530937
0.07950075715780258
-0.07242333889007568
-0.036886245012283325
-0.10346747934818268
0.014035585336387157
-0.02774987742304802
-0.06490463018417358
-0.037739913910627365
0.0762285590171814
-0.18294990062713623
0.28984129428863525
-0.0036232685670256615
-0.013842972926795483
0.007810012437403202
0.04461759701371193
-0.08766312152147293
-0.011039583012461662
0.14761358499526978
-0.2763575613498688
0.1555059254169464
0.19750425219535828
0.12856657803058624
0.1452714502811432
0.13578256964683533
0.09729844331741333
0.021848509088158607
-0.07054075598716736
-0.265002965927124
-0.13159213960170746
0.017057035118341446
0.01092110201716423
0.005985915660858154
0.02428736537694931
