-0.11235659569501877
0.18283459544181824
0.09933505207300186
-0.07142707705497742
-0.13978424668312073
0.14256049692630768
-0.13942956924438477
-0.03426136076450348
0.07771334052085876
-0.15257829427719116
0.2584399878978729
0.02702968940138817
-0.24369823932647705
-0.004482568241655827
0.02029743790626526
0.18003706634044647
-0.1342858374118805
-0.07848051190376282
-0.08024251461029053
-0.07561647891998291
0.0596003495156765
0.07883753627538681
-0.04283183068037033
-0.015790512785315514
-0.03727288171648979
-0.33309394121170044
-0.028272252529859543
-0.006924678571522236
-0.011933942325413227
-0.10208597779273987
0.008949670940637589
-0.04264889284968376
-0.15119615197181702
0.10263980180025101
0.0031722066923975945
0.03847978264093399
-0.09000237286090851
-0.05853595212101936
0.1654711216688156
-0.040325362235307693
-0.1995689868927002
0.04569494351744652
0.021770577877759933
0.17174966633319855
0.1318684220314026
0.004091568291187286
0.0012994743883609772
-0.07339835166931152
0.1266452521085739
-0.2007647156715393
0.029089808464050293
0.18995283544063568
0.10743138939142227
0.04279506206512451
0.026217812672257423
-0.15439528226852417
0.00037953630089759827
0.09180726110935211
-0.1279403120279312
-0.008494365029036999
0.02621220424771309
-0.1528148353099823
-0.07688109576702118
-0.10275892913341522
0.14217904210090637
0.09575460851192474
-0.13645926117897034
-0.23901033401489258
0.12029696255922318
-0.07577913999557495
-0.06330392509698868
0.10256286710500717
-0.13882054388523102
-0.21644333004951477
-0.25257083773612976
0.0842943862080574
0.38925662636756897
0.11796408146619797
-0.2206636518239975
3.948528319597244e-05
0.007563975639641285
-0.044595301151275635
0.05561778321862221
0.15901775658130646
-0.019580356776714325
-0.08760549128055573
-0.0619548037648201
0.05122338607907295
0.18543332815170288
-0.0802854597568512
-0.04562521353363991
0.20514442026615143
0.04849451035261154
0.0666414424777031
-0.03327421844005585
0.08116130530834198
-0.03839968144893646
-0.013293249532580376
-0.08414028584957123
0.025110064074397087
-0.04582514613866806
-0.08912936598062515
-0.0742645263671875
0.09105010330677032
-0.1596643626689911
0.21725085377693176
0.0020070881582796574
0.0053322697058320045
-0.02866262197494507
0.03873186558485031
-0.0908236876130104
-0.02524295076727867
0.13060899078845978
-0.2565198242664337
0.17837576568126678
0.20476752519607544
0.05753175541758537
0.16347754001617432
0.11809572577476501
0.11659564822912216
0.03656061738729477
-0.049324940890073776
-0.22698566317558289
-0.13762696087360382
0.0289807990193367
-0.017193660140037537
-0.01736075058579445
0.02757975086569786
