-0.09773243218660355
0.20257028937339783
0.08798858523368835
-0.0848471149802208
-0.11377856880426407
0.17632010579109192
-0.07415182888507843
-0.01700146123766899
0.09348909556865692
-0.18849527835845947
0.320467472076416
-0.00869357492774725
-0.2655901610851288
-0.04338710755109787
0.036531612277030945
0.1716507226228714
-0.144729882478714
-0.11214274913072586
-0.11901719868183136
-0.06049699708819389
0.039952006191015244
0.11713069677352905
-0.014159324578940868
0.014680584892630577
-0.13075323402881622
-0.363182008266449
-0.008634661324322224
-0.031694699078798294
0.023397663608193398
-0.15094402432441711
-0.031130177900195122
-0.013320395722985268
-0.12152671813964844
0.09938676655292511
-0.007461871951818466
0.04297533631324768
-0.09915361553430557
-0.08223383128643036
0.25658971071243286
0.03424036130309105
-0.22708448767662048
0.050293873995542526
0.0027955621480941772
0.27109524607658386
0.12311995029449463
-0.05126023665070534
0.012021232396364212
-0.08541059494018555
0.15103302896022797
-0.2349606156349182
0.07432180643081665
0.20645210146903992
0.11497054994106293
0.0644131749868393
0.010017838329076767
-0.12745216488838196
-0.0388774648308754
0.09653383493423462
-0.13594356179237366
-0.005658512935042381
0.03261709213256836
-0.12821698188781738
-0.06994472444057465
-0.12562769651412964
0.13827961683273315
0.10674308985471725
-0.13917404413223267
-0.23947438597679138
0.09272859245538712
-0.0714036151766777
-0.10273544490337372
0.12728145718574524
-0.1681704819202423
-0.18062427639961243
-0.2815483510494232
0.09524967521429062
0.3570561707019806
0.12777721881866455
-0.18136286735534668
-0.0051439618691802025
-0.017256878316402435
-0.0639723613858223
0.03678412362933159
0.16656479239463806
-0.0757998377084732
-0.04256733879446983
-0.030279356986284256
0.1316780149936676
0.1991114616394043
-0.07075221091508865
-0.09250553697347641
0.21312686800956726
0.05072709172964096
0.07539486885070801
0.0009215474128723145
0.061812274158000946
-0.058385856449604034
-0.023812955245375633
-0.0864047035574913
0.03678134083747864
0.015518317930400372
-0.08388136327266693
-0.03581453859806061
0.12147212773561478
-0.20373831689357758
0.25131291151046753
0.0028972760774195194
-0.012503348290920258
0.04355442523956299
0.038246579468250275
-0.11878391355276108
-0.015722759068012238
0.14566688239574432
-0.25711730122566223
0.15734605491161346
0.18573427200317383
0.10844480246305466
0.13025669753551483
0.17917536199092865
0.05877949297428131
0.016461070626974106
-0.012480140663683414
-0.24024152755737305
-0.10692276805639267
0.09702885895967484
0.00817918498069048
0.04687422886490822
0.006741659250110388
