-0.1086161881685257
0.16751180589199066
0.06441827863454819
-0.0516696497797966
-0.12616536021232605
0.17021049559116364
-0.12795154750347137
-0.023564621806144714
0.11201345920562744
-0.17087312042713165
0.24174119532108307
0.029655776917934418
-0.2080807387828827
-0.03253791108727455
0.0383482500910759
0.16864211857318878
-0.12591099739074707
-0.09127394109964371
-0.09682010114192963
-0.09850887954235077
0.06301090121269226
0.07814157754182816
-0.03047078102827072
0.023817945271730423
-0.0714128166437149
-0.35902008414268494
-0.027624264359474182
-0.059114985167980194
0.018128536641597748
-0.10925280302762985
-0.04495953768491745
-0.03971952199935913
-0.12256316095590591
0.1122530922293663
0.014116286300122738
0.06029627472162247
-0.08489986509084702
-0.07767347246408463
0.1839074194431305
-0.0300454068928957
-0.17920053005218506
0.06699363887310028
-0.003994181752204895
0.1911219358444214
0.13873089849948883
-0.012443444691598415
0.021598074585199356
-0.06741831451654434
0.17536762356758118
-0.20250748097896576
0.055142711848020554
0.1978188306093216
0.11696747690439224
0.03803706169128418
0.06509104371070862
-0.13075056672096252
-0.011359326541423798
0.07071059942245483
-0.12682081758975983
0.0006653848104178905
0.006110724061727524
-0.1517190933227539
-0.08580569922924042
-0.11296303570270538
0.1407027393579483
0.12584541738033295
-0.11779645085334778
-0.24686695635318756
0.1304967999458313
-0.09354747831821442
-0.057200025767087936
0.09684411436319351
-0.15634842216968536
-0.20627669990062714
-0.23738497495651245
0.10018527507781982
0.41827669739723206
0.15539182722568512
-0.20979295670986176
0.02630716934800148
-0.008499103598296642
-0.05181587114930153
0.05184760317206383
0.15949220955371857
-0.037481650710105896
-0.08763851970434189
-0.05912356823682785
0.07999175041913986
0.2035752534866333
-0.07751339673995972
-0.049630358815193176
0.18974655866622925
0.04982912540435791
0.06992179900407791
-0.025944534689188004
0.04035469517111778
-0.05127076059579849
-0.024134496226906776
-0.06573514640331268
0.026394307613372803
-0.03553163260221481
-0.08428853750228882
-0.059002332389354706
0.07179154455661774
-0.18123579025268555
0.20646752417087555
-0.013900531455874443
-0.017242208123207092
-0.015588457696139812
0.04701962321996689
-0.12534375488758087
-0.0074494644068181515
0.13214515149593353
-0.26797494292259216
0.16963155567646027
0.18319489061832428
0.09953180700540543
0.1740112155675888
0.10463427752256393
0.1054949015378952
0.042562130838632584
-0.04416200518608093
-0.22704391181468964
-0.13300052285194397
0.04403887689113617
0.004631325602531433
-0.03070823848247528
0.024368342012166977
