-0.05971960350871086
0.13203349709510803
0.16372491419315338
-0.10459496825933456
-0.13577711582183838
0.09160839021205902
-0.16476398706436157
-0.04135547950863838
0.05436268076300621
-0.19674532115459442
0.2635675072669983
0.015789642930030823
-0.2224673479795456
-0.08071491122245789
0.08175583183765411
0.1447543054819107
-0.17814047634601593
-0.11514952033758163
-0.06254713982343674
-0.03956884890794754
-0.01667460799217224
0.08002912253141403
-0.013208014890551567
-0.010060935281217098
-0.0519803985953331
-0.34166717529296875
-0.06968192756175995
-0.03766527771949768
0.06624138355255127
-0.11568287760019302
-0.049226950854063034
-0.06818442791700363
-0.13665740191936493
0.04179861396551132
0.006725638173520565
0.07918643951416016
-0.06983526796102524
-0.046708498150110245
0.17579983174800873
-0.02309652604162693
-0.2104310393333435
0.05180581286549568
0.009885251522064209
0.18027786910533905
0.18724548816680908
0.06535607576370239
0.019006969407200813
-0.07076692581176758
0.17969241738319397
-0.2339729368686676
0.1704784333705902
0.17251312732696533
0.17536719143390656
0.061284389346838
0.041557226330041885
-0.1746661514043808
-0.029164692386984825
0.16799455881118774
-0.1759815514087677
0.07962711900472641
0.08067949116230011
-0.10769148170948029
-0.0018786583095788956
-0.06603069603443146
0.15285491943359375
0.10540024191141129
-0.1474054902791977
-0.22011655569076538
0.15665742754936218
-0.1154211089015007
-0.09668899327516556
0.09174349904060364
-0.13143762946128845
-0.1581422984600067
-0.2936839163303375
0.06852582097053528
0.34362518787384033
0.1628168821334839
-0.19912290573120117
-0.050880540162324905
-0.021500011906027794
-0.0644245520234108
0.006582149304449558
0.15109369158744812
-0.038952454924583435
-0.0829218402504921
-0.04288658872246742
0.038242895156145096
0.16438032686710358
-0.030161608010530472
-0.021472036838531494
0.21581551432609558
0.04641570895910263
0.09954950213432312
-0.02202209271490574
0.06462407857179642
-0.056749552488327026
-0.025854256004095078
-0.10575815290212631
0.024687189608812332
-0.08472015708684921
-0.078206866979599
-0.03878086060285568
0.11819837987422943
-0.16812223196029663
0.2801113426685333
-0.014537228271365166
-3.7377700209617615e-05
-0.02866421639919281
0.040974169969558716
-0.05760283023118973
-0.028338562697172165
0.15754812955856323
-0.26166704297065735
0.18263325095176697
0.22087953984737396
0.12148526310920715
0.16486777365207672
0.11154362559318542
0.10543445497751236
0.04765070229768753
-0.09957228600978851
-0.2299964874982834
-0.12904025614261627
0.004069561138749123
-0.045535631477832794
0.045795146375894547
0.1019037738442421
