0.007690895814448595
0.16487270593643188
0.10251768678426743
-0.06672820448875427
-0.10656213760375977
0.1237807348370552
-0.16621091961860657
-0.06157468259334564
0.06447255611419678
-0.1875057965517044
0.2816140651702881
-0.0140371173620224
-0.20876890420913696
-0.07765358686447144
0.036563675850629807
0.12616243958473206
-0.12768901884555817
-0.09563802182674408
-0.10432923585176468
-0.07309553027153015
-0.020243747159838676
0.10271219164133072
0.0122351860627532
-0.022967185825109482
-0.08456115424633026
-0.321613073348999
-0.03895185515284538
-0.08103972673416138
0.03560733050107956
-0.12470985949039459
-0.028178956359624863
-0.044579725712537766
-0.11596515774726868
0.07488654553890228
0.005532287061214447
0.044985536485910416
-0.10827487707138062
-0.031421951949596405
0.17164844274520874
-0.06159596890211105
-0.20420458912849426
0.07217146456241608
0.013666263781487942
0.18101076781749725
0.15613524615764618
0.028814345598220825
0.014537136070430279
-0.12062932550907135
0.16053587198257446
-0.2014194279909134
0.14914976060390472
0.16856539249420166
0.13072527945041656
0.07435308396816254
0.06660772860050201
-0.1685270220041275
-0.012533927336335182
0.13733835518360138
-0.15097175538539886
0.04750975966453552
0.0432499498128891
-0.10270517319440842
-0.03412141650915146
-0.0646132379770279
0.14717398583889008
0.10722969472408295
-0.11004248261451721
-0.24030493199825287
0.12893685698509216
-0.13211098313331604
-0.06983735412359238
0.15419267117977142
-0.10830525308847427
-0.18272019922733307
-0.2848461866378784
0.06131839007139206
0.3337726593017578
0.15319761633872986
-0.1852128803730011
-0.007663651369512081
-0.0039976052939891815
-0.046210601925849915
0.03452424705028534
0.12528017163276672
-0.05938560143113136
-0.07772709429264069
-0.06447606533765793
0.050916049629449844
0.1612720936536789
-0.08995221555233002
-0.04694799333810806
0.2039242535829544
0.0230570025742054
0.06690026074647903
-0.0033523961901664734
0.06370583921670914
-0.09248438477516174
-0.008934371173381805
-0.08525067567825317
0.016192205250263214
-0.018572017550468445
-0.07831288129091263
-0.050706177949905396
0.08629275858402252
-0.16172970831394196
0.25870299339294434
-0.029000382870435715
-0.008364643901586533
0.017279958352446556
0.028436582535505295
-0.03522907570004463
-0.034109365195035934
0.18300586938858032
-0.2811582386493683
0.17668600380420685
0.15356363356113434
0.12183251231908798
0.18462799489498138
0.1179116740822792
0.1165214404463768
0.00422362145036459
-0.08895733207464218
-0.24633704125881195
-0.10714414715766907
0.009236407466232777
-0.016923168674111366
0.01322354469448328
0.06688006967306137
