-0.08104430884122849
0.14456605911254883
0.08120598644018173
-0.0801658034324646
-0.10063492506742477
0.16960115730762482
-0.14152278006076813
-0.024838756769895554
0.07816022634506226
-0.19089436531066895
0.26301103830337524
-0.012208078056573868
-0.24184748530387878
-0.045050445944070816
0.033513061702251434
0.1476118564605713
-0.10311935096979141
-0.09109821915626526
-0.09478558599948883
-0.07056728005409241
0.03988903388381004
0.0768275186419487
-0.038196463137865067
0.021609889343380928
-0.08746904134750366
-0.3333011567592621
-0.04842180013656616
-0.0592113733291626
0.005133721046149731
-0.12913888692855835
-0.02725260518491268
-0.0326506607234478
-0.10586130619049072
0.09292241185903549
0.006948855705559254
0.10161800682544708
-0.08546992391347885
-0.03271021693944931
0.18271246552467346
-0.013326559215784073
-0.20858696103096008
0.09880315512418747
0.026248492300510406
0.22626972198486328
0.1237882524728775
0.02586336061358452
0.0018768347799777985
-0.07185114920139313
0.161405548453331
-0.22514575719833374
0.09478668868541718
0.19105884432792664
0.1314477175474167
0.07992143929004669
0.03747440502047539
-0.14477504789829254
0.005609305575489998
0.10407131910324097
-0.1882428675889969
0.048674941062927246
0.04470434412360191
-0.15504677593708038
-0.07547864317893982
-0.08841873705387115
0.12418045848608017
0.1388997882604599
-0.14346593618392944
-0.2492169588804245
0.11318675428628922
-0.128677099943161
-0.062112994492053986
0.15138667821884155
-0.14919038116931915
-0.20498459041118622
-0.2565944790840149
0.11330026388168335
0.38224563002586365
0.18684887886047363
-0.17282822728157043
0.008077629841864109
0.015690261498093605
-0.04893122985959053
0.03580669313669205
0.15787166357040405
-0.03305641561746597
-0.054553691297769547
-0.02751445397734642
0.08940637111663818
0.15773333609104156
-0.05788734182715416
-0.043247319757938385
0.20514561235904694
0.05360995978116989
0.08337583392858505
-0.015559657476842403
0.07558923214673996
-0.06275780498981476
-0.047644879668951035
-0.100941002368927
0.014155532233417034
-0.0443718321621418
-0.08583960682153702
-0.022383857518434525
0.04682895541191101
-0.1733148992061615
0.26680609583854675
-0.01749495230615139
-0.027289263904094696
-0.01430194079875946
0.05986950173974037
-0.08119615912437439
0.010823163203895092
0.1648370623588562
-0.29020217061042786
0.16507913172245026
0.1939450204372406
0.13649491965770721
0.15459051728248596
0.14889125525951385
0.09922076016664505
0.034266963601112366
-0.06763771176338196
-0.2281133532524109
-0.13216783106327057
0.027067743241786957
-0.005899390671402216
0.028603538870811462
0.026654204353690147
