-0.08289696276187897
0.19070206582546234
0.07596078515052795
-0.06532222777605057
-0.12690216302871704
0.14676079154014587
-0.14491984248161316
-0.04030102118849754
0.08766519278287888
-0.1455031931400299
0.25642210245132446
0.020200911909341812
-0.23891104757785797
-0.02498297579586506
0.015736989676952362
0.17529624700546265
-0.13826023042201996
-0.07565703243017197
-0.08726006746292114
-0.09041458368301392
0.052301421761512756
0.07801388204097748
-0.02920982986688614
-0.001896118512377143
-0.04845281317830086
-0.3235355317592621
-0.016112804412841797
-0.03612494468688965
0.011963475495576859
-0.10964436829090118
0.017595604062080383
-0.05559191107749939
-0.14388783276081085
0.11250923573970795
0.011005403473973274
0.022683721035718918
-0.10113947838544846
-0.05194304138422012
0.18650108575820923
-0.05268855392932892
-0.18193288147449493
0.0563889816403389
0.017371902242302895
0.17178671061992645
0.12575069069862366
0.01152818650007248
0.011529478244483471
-0.09288284927606583
0.1640273779630661
-0.19481365382671356
0.0397295281291008
0.1976671665906906
0.10588806867599487
0.04143329709768295
0.035573314875364304
-0.15898503363132477
-0.0051995813846588135
0.10109695792198181
-0.1404077261686325
0.006304625421762466
0.006870987359434366
-0.1371941715478897
-0.09928891807794571
-0.09663781523704529
0.13747186958789825
0.09088817238807678
-0.13071656227111816
-0.24892856180667877
0.13137906789779663
-0.08410553634166718
-0.05714067444205284
0.11386393010616302
-0.128535196185112
-0.2093268632888794
-0.2459791898727417
0.06643510609865189
0.3933960199356079
0.11318565160036087
-0.20973250269889832
0.02496691420674324
-0.003983208443969488
-0.04967891424894333
0.037732385098934174
0.14088591933250427
-0.03516559302806854
-0.09551218152046204
-0.05938204750418663
0.055805694311857224
0.17996567487716675
-0.0980672538280487
-0.035804666578769684
0.2006596475839615
0.04819263517856598
0.07197131216526031
-0.04581641033291817
0.06206045672297478
-0.06275247037410736
-0.010186396539211273
-0.07059213519096375
0.006471668370068073
-0.029407111927866936
-0.07727797329425812
-0.055658817291259766
0.0672568529844284
-0.18192997574806213
0.23599471151828766
0.012716001830995083
0.006356649100780487
-0.010332700796425343
0.05135050788521767
-0.09215887635946274
-0.01757536455988884
0.14530688524246216
-0.2719908654689789
0.20072482526302338
0.1848888099193573
0.08005097508430481
0.16766181588172913
0.1151329055428505
0.10921800881624222
0.037036824971437454
-0.0520172119140625
-0.22891977429389954
-0.1404406577348709
0.022395135834813118
-0.01445084623992443
-0.022590765729546547
0.02832631580531597
