-0.011365603655576706
0.06272502988576889
0.06604296714067459
0.013137607835233212
-0.10881661623716354
0.04985803738236427
-0.020571747794747353
-0.07403852790594101
0.06841999292373657
-0.15147484838962555
0.23090961575508118
-0.03003411367535591
-0.2068135142326355
-0.05384579300880432
0.07988937199115753
0.2154843956232071
-0.1392887979745865
-0.19409778714179993
-0.07557214051485062
-0.05149267241358757
0.02216469869017601
0.08249000459909439
-0.04977094382047653
0.07143987715244293
-0.18234863877296448
-0.35234495997428894
-0.03348283842206001
-0.08897741883993149
0.0554378516972065
-0.06801342219114304
-0.09100526571273804
0.11244616657495499
-0.0825144425034523
0.07052809745073318
0.11445670574903488
0.12829986214637756
-0.07068470120429993
-0.09683726727962494
0.21457742154598236
0.05759628862142563
-0.24704690277576447
0.06090454012155533
0.03011840395629406
0.3033476173877716
0.22514227032661438
-0.00027279392816126347
0.05834414064884186
-0.03591163828969002
0.12426792830228806
-0.2749633193016052
0.08507382869720459
0.13795936107635498
0.08633380383253098
0.08209153264760971
0.015427034348249435
-0.20469722151756287
-0.02273481711745262
0.07089404761791229
-0.25779950618743896
0.07013828307390213
0.07543633878231049
-0.1955161988735199
0.024678904563188553
-0.06598199903964996
0.197987362742424
0.06714773923158646
-0.1509978026151657
-0.1568543165922165
0.16468223929405212
-0.22300225496292114
-0.07711510360240936
0.00610058568418026
-0.15657870471477509
-0.19515752792358398
-0.31532132625579834
0.0514850877225399
0.36521852016448975
0.18831104040145874
-0.17570827901363373
0.0656290128827095
0.0488668717443943
-0.02751079574227333
0.09520892053842545
0.19955994188785553
0.03718924894928932
-0.07245490700006485
-0.0805976539850235
0.0321199893951416
0.24327051639556885
-0.050999049097299576
-0.016125330701470375
0.26352277398109436
-0.026227127760648727
0.010163054801523685
0.027082284912467003
0.03262827917933464
-0.07976500689983368
-0.0171262938529253
-0.08196301758289337
0.018723495304584503
-0.1165810152888298
-0.08884695917367935
0.0325654074549675
0.1306528002023697
-0.16719108819961548
0.21136561036109924
-0.06698739528656006
0.021542012691497803
-0.0225210003554821
0.005827471148222685
-0.14850251376628876
-0.05351167172193527
0.13902583718299866
-0.2585398852825165
0.1540578156709671
0.21403640508651733
0.13995710015296936
0.14673079550266266
0.10314145684242249
0.05399308353662491
0.0507335439324379
-0.05023527145385742
-0.2713331878185272
-0.04728251323103905
0.05099477618932724
-0.04955675080418587
0.02335035800933838
0.08402732014656067
