-0.07053867727518082
0.028055798262357712
0.09536264836788177
-0.006292139180004597
-0.03636791557073593
-0.03314952552318573
0.0065603842958807945
-0.10405944287776947
0.08571971207857132
-0.0859481692314148
0.2216363251209259
-0.09589113295078278
-0.26989197731018066
-0.07390850782394409
-0.01144417840987444
0.16987620294094086
-0.20972418785095215
-0.11589381098747253
-0.07404768466949463
-0.0262093935161829
0.010043060407042503
0.029577726498246193
0.048664700239896774
0.06137000024318695
-0.041034284979104996
-0.33742082118988037
-0.08497944474220276
-0.13647551834583282
0.053297292441129684
-4.273839294910431e-05
-0.07567019760608673
0.09251954406499863
-0.14851157367229462
-0.005712784826755524
0.05821381136775017
0.06186206638813019
-0.007489909417927265
-0.07626655697822571
0.21470889449119568
-0.010572277009487152
-0.18478965759277344
-0.11490382254123688
0.08414741605520248
0.20456677675247192
0.17439407110214233
0.05758225917816162
0.014265595935285091
0.004545391537249088
0.028763365000486374
-0.2890964448451996
0.02112584188580513
0.13331377506256104
0.17478226125240326
0.042655814439058304
0.03528168424963951
-0.2761288285255432
-0.07427945733070374
0.04587777704000473
-0.12449613958597183
0.02745090052485466
-0.029462777078151703
-0.12846533954143524
-0.018006110563874245
-0.08434207737445831
0.2673878073692322
0.09844422340393066
-0.1663006842136383
-0.08089113235473633
0.19812949001789093
-0.1736849695444107
0.00761466845870018
0.06128418818116188
-0.12406963109970093
-0.14309802651405334
-0.2428242564201355
-0.06918401271104813
0.35778194665908813
0.0909854918718338
-0.18366967141628265
-0.01818051189184189
-0.14907020330429077
-0.029009144753217697
-0.018272731453180313
0.13168178498744965
-0.01899913139641285
0.049165405333042145
-0.10347093641757965
-0.04766788333654404
0.14892370998859406
-0.1251613050699234
0.016401035711169243
0.20194868743419647
-0.052767205983400345
0.03241198509931564
-0.015275154262781143
-0.03842488303780556
-0.03764132037758827
-0.051130473613739014
-0.10700884461402893
-0.008736327290534973
-0.08170267939567566
-0.08760190010070801
-0.016046330332756042
0.0743352547287941
-0.1891992837190628
0.04206555336713791
0.009208275005221367
-0.059957727789878845
-0.007704960647970438
-0.024513868615031242
-0.07971927523612976
-0.0759684294462204
0.17496205866336823
-0.27009013295173645
0.11927866190671921
0.21420836448669434
-0.018414167687296867
0.19088077545166016
0.016349537298083305
0.12785586714744568
-0.014486860483884811
-0.07854023575782776
-0.1663767397403717
-0.07632067799568176
0.04773031175136566
-0.028535829856991768
-0.02395249903202057
0.013834605924785137
