-0.05097915232181549
0.13674205541610718
0.07993616163730621
-0.06855557858943939
-0.09519746154546738
0.030075453221797943
0.009780049324035645
-0.12025172263383865
0.15445725619792938
-0.14474442601203918
0.22408531606197357
-0.07991854101419449
-0.28460583090782166
0.017833689227700233
0.025276172906160355
0.21361733973026276
-0.2564893364906311
-0.183074951171875
-0.07800309360027313
0.029007693752646446
0.0621754489839077
0.04717056453227997
0.02042277157306671
0.09946757555007935
-0.11596754193305969
-0.3270687758922577
-0.07727440446615219
-0.029225468635559082
0.08051671832799911
-0.0321003794670105
-0.023342501372098923
0.10478562116622925
-0.10765079408884048
0.02609664760529995
0.09993905574083328
0.10373280197381973
-0.03304603323340416
-0.16368155181407928
0.25616198778152466
-0.032968759536743164
-0.2530596852302551
-0.031574614346027374
0.13079161942005157
0.21313351392745972
0.23627886176109314
-0.002887959126383066
0.029575791209936142
-0.09592270106077194
0.12545157968997955
-0.3726251423358917
0.1031872034072876
0.14585243165493011
0.0873943343758583
0.09872136265039444
0.11300686746835709
-0.29093387722969055
-0.037635378539562225
0.1455841064453125
-0.16441746056079865
0.07660357654094696
0.07179722934961319
-0.11971409618854523
0.08910928666591644
-0.09322860091924667
0.14649222791194916
0.028946753591299057
-0.16400641202926636
-0.12827512621879578
0.20633389055728912
-0.15649479627609253
-0.03350037708878517
0.08444513380527496
-0.1114538311958313
-0.22837349772453308
-0.29012829065322876
0.02051946334540844
0.36525338888168335
0.20927096903324127
-0.16072945296764374
0.01819702237844467
-0.0008091554045677185
-0.05637997016310692
0.0033782999962568283
0.15439653396606445
0.005049200728535652
-0.10876491665840149
-0.15202736854553223
-0.005794495344161987
0.2313113510608673
-0.051830191165208817
0.01996673457324505
0.3314191699028015
-0.005771461874246597
-0.035682715475559235
0.005786857567727566
0.10787765681743622
-0.12263475358486176
-0.017882028594613075
-0.19254019856452942
0.006696512922644615
-0.08629295229911804
-0.08009123802185059
-0.05210164934396744
0.16213779151439667
-0.1822916865348816
0.1088506281375885
-0.06415717303752899
-0.06056125462055206
-0.06746222078800201
-0.0437120757997036
-0.1348038762807846
-0.03385356813669205
0.16621138155460358
-0.2572387754917145
0.08806126564741135
0.19324518740177155
0.06158805638551712
0.18414956331253052
0.08323586732149124
0.12679091095924377
0.0927874967455864
-0.1022479236125946
-0.1725609302520752
-0.09497419744729996
0.06034913286566734
-0.011387921869754791
-0.03655938059091568
0.07649800926446915
