0.03220466524362564
0.06511493027210236
0.05242690071463585
-0.002782502444460988
-0.09147301316261292
-0.005281845107674599
-0.023519139736890793
-0.13900241255760193
0.09384522587060928
-0.12358077615499496
0.21231451630592346
-0.07042057812213898
-0.2850430905818939
0.01544234249740839
0.037092119455337524
0.20349453389644623
-0.161503866314888
-0.11595965921878815
-0.08418375253677368
-0.019002221524715424
-0.006477393209934235
0.06711594015359879
0.032080017030239105
0.08008286356925964
-0.06751763820648193
-0.3439805209636688
-0.08705255389213562
-0.09372013062238693
0.06468400359153748
-0.001992632867768407
-0.061487313359975815
0.1270657628774643
-0.049536481499671936
0.054387547075748444
0.12480070441961288
0.08810465037822723
-0.06557919830083847
-0.13115651905536652
0.289741575717926
-0.00858178548514843
-0.24253757297992706
-0.028203006833791733
0.045991431921720505
0.2290572077035904
0.2438640296459198
-0.049172542989254
0.03456183522939682
-0.03654734045267105
0.10833167284727097
-0.28794896602630615
0.03367381542921066
0.11910088360309601
0.11349484324455261
0.058170124888420105
0.06954821199178696
-0.23431603610515594
-0.0008245361968874931
0.13995690643787384
-0.19487985968589783
0.016072848811745644
0.05463755503296852
-0.18409396708011627
0.058592088520526886
-0.0201187115162611
0.19173701107501984
0.04112337902188301
-0.1592378318309784
-0.10394695401191711
0.13672830164432526
-0.2112087607383728
-0.0002788947895169258
0.056891653686761856
-0.1567293256521225
-0.20119863748550415
-0.28520330786705017
-0.010438643395900726
0.38895344734191895
0.1559227555990219
-0.18951313197612762
0.005137487314641476
0.028772369027137756
-0.04641467705368996
0.12674836814403534
0.13638795912265778
0.001649053767323494
-0.12329096347093582
-0.14332981407642365
-0.016933005303144455
0.2234707623720169
-0.10094397515058517
0.00015957164578139782
0.27057817578315735
-0.05463932082056999
0.05046562850475311
0.0020140912383794785
0.04559706896543503
-0.06922219693660736
-0.027115579694509506
-0.11327961832284927
0.04214339703321457
-0.07934489101171494
-0.08981301635503769
-0.004184737801551819
0.13175836205482483
-0.178930401802063
0.09252233058214188
-0.05201631039381027
-0.016865141689777374
-0.006849706172943115
-0.04808637499809265
-0.1450088620185852
-0.049507733434438705
0.20764996111392975
-0.24236121773719788
0.09804756939411163
0.19099704921245575
0.02698330394923687
0.13350173830986023
0.054768890142440796
0.05236830934882164
0.02066197618842125
-0.10021261870861053
-0.24585378170013428
-0.0368582047522068
0.07145553827285767
-0.025404544547200203
-0.013782544061541557
0.011425686068832874
