-0.05736261606216431
0.01450022030621767
0.014553539454936981
-0.08151326328516006
-0.07981715351343155
0.013712402433156967
0.03737931698560715
-0.07566975802183151
0.09499324858188629
-0.03605794906616211
0.17322807013988495
-0.07929248362779617
-0.3059815764427185
-0.06991751492023468
0.0019580451771616936
0.0808887779712677
-0.11258172988891602
-0.10813266038894653
0.02922210469841957
-0.04140482097864151
0.0997721254825592
0.010997755452990532
0.048879675567150116
0.12168188393115997
-0.22062218189239502
-0.21403147280216217
-0.12389323860406876
-0.09807448834180832
-0.07332969456911087
-0.03933664783835411
0.027402417734265327
0.11790113896131516
-0.15347829461097717
0.002966906875371933
0.01710626482963562
0.09615880250930786
-0.06981422007083893
-0.0651317909359932
0.23607908189296722
0.038977351039648056
-0.13979296386241913
0.002874174155294895
-0.01286786887794733
0.338483601808548
0.09691513329744339
-0.02171257883310318
0.0257941372692585
0.012702198699116707
0.09384540468454361
-0.3097742199897766
0.039320021867752075
0.19053547084331512
0.09500187635421753
0.03275822103023529
0.022389404475688934
-0.09679259359836578
0.10804346948862076
0.20008623600006104
-0.261029452085495
0.15200936794281006
0.020105784758925438
-0.17308613657951355
0.03841307759284973
-0.05401233211159706
0.19967438280582428
0.0820588767528534
-0.1586182415485382
-0.0798039510846138
0.12118940055370331
-0.10423694550991058
-0.07317427545785904
0.1459195613861084
-0.19025002419948578
-0.26254382729530334
-0.296880841255188
0.09158685058355331
0.42298048734664917
0.171722412109375
-0.1804361343383789
0.0257094856351614
-0.031307466328144073
0.03702856972813606
0.13214237987995148
0.123567596077919
-0.018405970185995102
-0.03510000556707382
-0.14404882490634918
0.08661064505577087
0.18341828882694244
-0.08473896235227585
-0.10691878199577332
0.2594110667705536
0.04551631584763527
0.05924133211374283
0.02865855023264885
0.05201758071780205
0.005800097249448299
0.008464755490422249
-0.08920297771692276
0.11323559284210205
0.037261031568050385
-0.13424287736415863
-0.005661157891154289
0.0962340235710144
-0.15330544114112854
0.13969537615776062
0.012338072061538696
-0.0875883549451828
-0.10015920549631119
-0.059748176485300064
-0.15518872439861298
0.04491226747632027
0.13630995154380798
-0.3825330436229706
0.17567405104637146
0.1928325891494751
0.024093331769108772
0.12646213173866272
0.0074189696460962296
0.014909294433891773
0.006192615255713463
-0.08927460759878159
-0.13224439322948456
-0.07995949685573578
0.12934038043022156
0.0027713640592992306
0.08327089250087738
0.006141272839158773
