-0.018879359588027
-0.03789190202951431
0.020861709490418434
-0.0783328115940094
-0.019855961203575134
-0.01328234001994133
0.07497062534093857
-0.07458215951919556
0.12914371490478516
-0.0073677473701536655
0.18192158639431
-0.08015178143978119
-0.277948796749115
-0.04104849323630333
0.044820740818977356
0.09942507743835449
-0.08453971147537231
-0.08771171420812607
0.01387945655733347
-0.0689672976732254
0.09876685589551926
0.011833795346319675
0.0072642965242266655
0.13976693153381348
-0.21679571270942688
-0.22130396962165833
-0.1550595462322235
-0.13845288753509521
-0.0793638825416565
-0.047670878469944
0.0015321075916290283
0.12003752589225769
-0.14933229982852936
-0.01555541343986988
0.051742106676101685
0.06151862442493439
-0.1002117395401001
-0.07160896807909012
0.2269311398267746
0.09724108874797821
-0.17088830471038818
0.01678657904267311
-0.0037470348179340363
0.312188059091568
0.10146596282720566
0.011547639034688473
0.03815128281712532
0.01521107368171215
0.08877398073673248
-0.2884599268436432
0.08535424619913101
0.16170616447925568
0.13807165622711182
0.07351777702569962
0.03354682773351669
-0.13310833275318146
0.06956737488508224
0.1476999670267105
-0.27476897835731506
0.15226303040981293
0.06189358979463577
-0.17634977400302887
0.04564869403839111
-0.04762360826134682
0.16774308681488037
0.1349446177482605
-0.14470534026622772
-0.062236905097961426
0.12297936528921127
-0.12826785445213318
-0.0610770657658577
0.1134280413389206
-0.19002807140350342
-0.2621035873889923
-0.2814345359802246
0.09299570322036743
0.38309672474861145
0.16095329821109772
-0.16842958331108093
-0.014120429754257202
-0.04610254615545273
0.06959832459688187
0.12446913123130798
0.0891832783818245
-0.023060772567987442
-0.0051387036219239235
-0.07840660214424133
0.0628150999546051
0.18655042350292206
-0.0784415751695633
-0.07883250713348389
0.24933555722236633
-0.02600793167948723
0.051744312047958374
0.01558240782469511
0.043629102408885956
0.0030409647151827812
0.003563166130334139
-0.059293922036886215
0.0975780263543129
-0.009386628866195679
-0.12835536897182465
0.034865688532590866
0.08817709982395172
-0.21624088287353516
0.15956047177314758
0.007588755339384079
-0.09086325019598007
-0.1122560203075409
-0.012082044966518879
-0.15352626144886017
0.05470186844468117
0.1343797892332077
-0.353164941072464
0.20256872475147247
0.1940237283706665
0.009186781011521816
0.10893773287534714
-0.03100643679499626
0.019041873514652252
-0.028579361736774445
-0.1207873523235321
-0.16313707828521729
-0.04730874300003052
0.1346997171640396
0.03794119879603386
0.06628511101007462
0.0008893082849681377
