-0.03212661296129227
-0.035729072988033295
0.019487323239445686
-0.07736647129058838
-0.008850611746311188
-0.027809923514723778
0.12497351318597794
-0.10527222603559494
0.15301178395748138
-0.07515421509742737
0.18611203134059906
-0.03910474106669426
-0.2826879322528839
-0.04871248081326485
0.08013594150543213
0.09803391993045807
-0.13105833530426025
-0.10572697967290878
-0.04112555831670761
-0.02318096160888672
0.11538729071617126
-0.017115149646997452
0.038862742483615875
0.09925170242786407
-0.2108912169933319
-0.21954303979873657
-0.14690068364143372
-0.09623221307992935
-0.026803510263562202
-0.025923313573002815
0.04111051186919212
0.10663575679063797
-0.13247674703598022
0.019519099965691566
-0.0037784199230372906
-0.013250566087663174
-0.09110631048679352
-0.08466331660747528
0.30621337890625
0.07322247326374054
-0.19537967443466187
0.010291042737662792
-0.04266924038529396
0.2892661690711975
0.10049431025981903
-0.03910936415195465
0.05131047964096069
0.029586249962449074
0.10698965191841125
-0.3233078420162201
0.03529626876115799
0.15687820315361023
0.12065082788467407
0.059431567788124084
0.04164593666791916
-0.10983996093273163
0.05823338404297829
0.0796922892332077
-0.2720266282558441
0.15825709700584412
0.06057741492986679
-0.187503844499588
0.03783116117119789
-0.05420803651213646
0.13321508467197418
0.09742938727140427
-0.13946233689785004
-0.06553428620100021
0.13145698606967926
-0.1422654688358307
-0.05364129692316055
0.08126342296600342
-0.1816049963235855
-0.256570041179657
-0.26735082268714905
0.034489795565605164
0.3497283160686493
0.17595134675502777
-0.17887307703495026
-0.0010160957463085651
-0.06050637736916542
0.02503463812172413
0.1065206229686737
0.09681987017393112
-0.012558679096400738
0.02160928025841713
-0.09873541444540024
0.0765095055103302
0.1963154375553131
-0.10337872803211212
-0.0868237242102623
0.30931371450424194
0.03539401665329933
0.03394053131341934
0.014789986424148083
0.019158396869897842
0.014312313869595528
-0.025604596361517906
-0.07632063329219818
0.12617014348506927
0.00848300103098154
-0.12036176025867462
0.047092460095882416
0.07649699598550797
-0.16135281324386597
0.21457849442958832
0.001224662410095334
-0.05889856442809105
-0.11093585193157196
0.005071738269180059
-0.18432499468326569
0.02944156527519226
0.10050927102565765
-0.2817002236843109
0.17614203691482544
0.19589698314666748
0.005097799934446812
0.08546070009469986
-0.035556524991989136
0.0232120081782341
-0.03491055220365524
-0.0333467498421669
-0.13344521820545197
-0.07701362669467926
0.10989890992641449
0.05118387192487717
0.08085900545120239
0.025803355500102043
