-0.056226082146167755
0.020891372114419937
0.01507820188999176
-0.0503830723464489
-0.031787145882844925
0.027768757194280624
0.08359689265489578
-0.08734241127967834
0.15052172541618347
0.007165500894188881
0.15332196652889252
-0.059014249593019485
-0.28023025393486023
-0.022066988050937653
0.044176436960697174
0.08803810179233551
-0.10578052699565887
-0.10621269792318344
-0.011022808030247688
-0.023428432643413544
0.10688485205173492
-0.023244787007570267
0.03866758942604065
0.1291278749704361
-0.1917286366224289
-0.21368823945522308
-0.1080547571182251
-0.14282210171222687
-0.04555860534310341
-0.048561036586761475
0.002741214819252491
0.07800035923719406
-0.16769416630268097
-0.0264259185642004
0.010421928018331528
0.013611173257231712
-0.12558823823928833
-0.09416215866804123
0.2562648355960846
0.07770844548940659
-0.13030467927455902
-0.0025665932334959507
-0.011479321867227554
0.29762670397758484
0.11436192691326141
0.03816726803779602
0.04629649966955185
-0.005733801051974297
0.08307746797800064
-0.310243159532547
0.04635966941714287
0.15902043879032135
0.08856981247663498
0.10371331870555878
0.02750600129365921
-0.14453962445259094
0.10333362966775894
0.05667761713266373
-0.2571088671684265
0.1525544971227646
0.054502300918102264
-0.1509147584438324
0.05277644842863083
-0.03729693964123726
0.2098923772573471
0.11636515706777573
-0.09589151293039322
-0.04978421330451965
0.08039671182632446
-0.1260037124156952
-0.06353358924388885
0.09558473527431488
-0.171413853764534
-0.24664556980133057
-0.24790707230567932
0.06223135441541672
0.38107118010520935
0.17686155438423157
-0.1556359827518463
-0.005129327066242695
-0.058904875069856644
0.036942869424819946
0.13823536038398743
0.08451338857412338
-0.025099914520978928
-0.025226708501577377
-0.08364471048116684
0.05276268720626831
0.21206793189048767
-0.10099226981401443
-0.08179916441440582
0.24676355719566345
0.029476456344127655
0.00980677641928196
0.02271507866680622
0.013057137839496136
0.01572955772280693
0.019296040758490562
-0.07042472809553146
0.09030693769454956
-0.01721767894923687
-0.08666961640119553
0.05013555660843849
0.048584405332803726
-0.1929457187652588
0.11727890372276306
0.02114873006939888
-0.09461343288421631
-0.10999253392219543
-0.0347248800098896
-0.19749890267848969
0.030501438304781914
0.11175546050071716
-0.332082062959671
0.2143939584493637
0.18871819972991943
0.014007565565407276
0.10193736106157303
-0.03183112293481827
0.04122199863195419
-0.014781438745558262
-0.030700422823429108
-0.09272673726081848
-0.052060894668102264
0.14733955264091492
0.07996538281440735
0.07055894285440445
0.0077630202285945415
