-0.029234405606985092
-0.0629827007651329
0.025370165705680847
-0.07772848010063171
-0.001990627497434616
-0.022037120535969734
0.09435632824897766
-0.0807383731007576
0.11492343246936798
-0.019940251484513283
0.18049877882003784
-0.07605452835559845
-0.26946234703063965
-0.04873424395918846
0.08506306260824203
0.07916221022605896
-0.12647444009780884
-0.06856727600097656
0.0011114319786429405
-0.04033615440130234
0.061102695763111115
0.0005378483328968287
0.009171819314360619
0.11084876954555511
-0.20475658774375916
-0.22733411192893982
-0.14900436997413635
-0.15960511565208435
-0.02191900461912155
0.03237193822860718
0.0210883766412735
0.12577076256275177
-0.12703636288642883
0.003958906978368759
0.060246676206588745
0.01587040163576603
-0.11836426705121994
-0.053552210330963135
0.274007111787796
0.046987131237983704
-0.1659226268529892
-0.02103935368359089
-0.011364665813744068
0.28006765246391296
0.1148737221956253
0.036753784865140915
0.02214912325143814
0.020597320050001144
0.11022178083658218
-0.3227981925010681
0.1045287474989891
0.1683037430047989
0.11967858672142029
0.10574562847614288
0.04784245043992996
-0.15621688961982727
0.08962125331163406
0.06565576046705246
-0.27238723635673523
0.15044362843036652
0.024107005447149277
-0.18462304770946503
0.07535691559314728
-0.04163035750389099
0.1779145449399948
0.10047152638435364
-0.13256917893886566
-0.05962728336453438
0.14414024353027344
-0.1520933359861374
-0.05203084275126457
0.09616243839263916
-0.18268007040023804
-0.24754203855991364
-0.29399752616882324
0.052517905831336975
0.3541903495788574
0.19423812627792358
-0.1762303113937378
0.0027275611646473408
-0.07146941125392914
0.009716548025608063
0.13814926147460938
0.08715842664241791
0.0001146513968706131
-0.04339415952563286
-0.06834162026643753
0.01673651859164238
0.20616185665130615
-0.1286320835351944
-0.08520035445690155
0.26724687218666077
-0.012564376927912235
0.05366439372301102
0.009550725109875202
0.010653046891093254
0.009980043396353722
-0.015802720561623573
-0.05802974849939346
0.09553898125886917
0.016448361799120903
-0.10929536819458008
0.05204320698976517
0.10118035227060318
-0.226974755525589
0.21147611737251282
0.024114564061164856
-0.06917905807495117
-0.08162618428468704
-0.01065512839704752
-0.1705225706100464
0.03660767525434494
0.14579004049301147
-0.3171699345111847
0.2496158480644226
0.17685598134994507
0.024224702268838882
0.1261640340089798
-0.03529321774840355
0.015237471088767052
-0.04298769310116768
-0.0881144180893898
-0.15231607854366302
-0.07300487160682678
0.12203948199748993
0.05437334254384041
0.056994467973709106
0.04065660014748573
