-0.0241128820925951
-0.04019264131784439
0.02664639800786972
-0.08429702371358871
-0.018047906458377838
-0.03482156619429588
0.08155892789363861
-0.12093545496463776
0.10463182628154755
-0.04171264171600342
0.22932249307632446
-0.07365183532238007
-0.2781652510166168
-0.0587184838950634
0.04438517242670059
0.09610863029956818
-0.11982027441263199
-0.0762246623635292
-0.007742533925920725
-0.03445477783679962
0.10562516748905182
0.012481222860515118
0.03733905032277107
0.1007719412446022
-0.19109301269054413
-0.20520497858524323
-0.1462019979953766
-0.12998928129673004
-0.05603337287902832
0.0010035932064056396
0.05353449657559395
0.13034109771251678
-0.11724685877561569
0.0342891663312912
0.03909115493297577
-0.020195331424474716
-0.09736816585063934
-0.07168575376272202
0.29316630959510803
0.039835374802351
-0.17747379839420319
-0.012022726237773895
-0.021626252681016922
0.2580969035625458
0.08887220919132233
-0.021332135424017906
0.024399926885962486
0.012416448444128036
0.13028867542743683
-0.30859193205833435
0.014006288722157478
0.17013685405254364
0.13721466064453125
0.06289893388748169
0.0508112795650959
-0.09660749137401581
0.07726626843214035
0.11474882066249847
-0.2729845345020294
0.1400848627090454
0.014067834243178368
-0.18021343648433685
0.04756268858909607
-0.09715808928012848
0.15354304015636444
0.10012274980545044
-0.16164876520633698
-0.04159974679350853
0.16034862399101257
-0.11866670846939087
-0.09840678423643112
0.1063699796795845
-0.1828666478395462
-0.2773127555847168
-0.25891682505607605
0.023985901847481728
0.3627493977546692
0.1756218522787094
-0.21162298321723938
-0.011719640344381332
-0.018208540976047516
0.0073683434166014194
0.0899026170372963
0.09644053131341934
-0.028080757707357407
0.0033444156870245934
-0.07313604652881622
0.021705374121665955
0.21375028789043427
-0.11080300807952881
-0.08070539683103561
0.3156469166278839
-0.0034687379375100136
0.09150717407464981
0.01772378198802471
0.013096512295305729
0.0404396578669548
-0.022397315129637718
-0.07608281075954437
0.12875206768512726
-0.008248372003436089
-0.13838571310043335
0.026630012318491936
0.08280082046985626
-0.16895730793476105
0.22039005160331726
0.0006091976538300514
-0.054514817893505096
-0.1284767985343933
-0.004319502040743828
-0.13923537731170654
0.07585747539997101
0.12744131684303284
-0.29417625069618225
0.21682602167129517
0.16663235425949097
0.03256154805421829
0.10065638273954391
-0.039076339453458786
0.005292088724672794
-0.04817532002925873
-0.0880621075630188
-0.1629212200641632
-0.11450228095054626
0.1389426738023758
0.0023339916951954365
0.0645713061094284
0.013920489698648453
