-0.013832125812768936
-0.05404002591967583
0.04122065380215645
-0.10111641138792038
0.010399678722023964
-0.03417497128248215
0.11750556528568268
-0.08005838096141815
0.13297702372074127
-0.02788996323943138
0.17043337225914001
-0.07818097621202469
-0.27770155668258667
-0.024520061910152435
0.06291276961565018
0.08479984104633331
-0.12863154709339142
-0.08913764357566833
-0.0032100919634103775
-0.04624880477786064
0.062274713069200516
-0.007660683244466782
0.003547803731635213
0.11687561124563217
-0.20722340047359467
-0.21911118924617767
-0.15403792262077332
-0.1686038374900818
-0.038099151104688644
0.019657285884022713
0.02306164801120758
0.11878134310245514
-0.14290355145931244
-0.011766774579882622
0.05108962953090668
0.01684170961380005
-0.1331433206796646
-0.07461206614971161
0.28109264373779297
0.045321397483348846
-0.1759331375360489
-0.0006180494092404842
0.011153046041727066
0.2754448652267456
0.10622788220643997
0.018805408850312233
0.021095681935548782
0.0268438421189785
0.0905214250087738
-0.3057476282119751
0.091310515999794
0.16621056199073792
0.1198795735836029
0.12309028208255768
0.04559865966439247
-0.16288523375988007
0.10093870759010315
0.06907618790864944
-0.28737035393714905
0.14416611194610596
0.0420486181974411
-0.17638030648231506
0.07241962850093842
-0.016588803380727768
0.1722375452518463
0.09257414191961288
-0.14231882989406586
-0.05525503307580948
0.15976053476333618
-0.15016894042491913
-0.023576339706778526
0.1083734780550003
-0.18055948615074158
-0.2455662190914154
-0.2451215535402298
0.06918451189994812
0.3534585237503052
0.18199270963668823
-0.14905263483524323
0.0010098302736878395
-0.08274273574352264
0.005049620755016804
0.11696500331163406
0.08089551329612732
0.0019438248127698898
-0.02695227973163128
-0.062321215867996216
0.042519066482782364
0.18450714647769928
-0.10420258343219757
-0.07860012352466583
0.26439428329467773
-0.015944287180900574
0.033480264246463776
0.009693712927401066
0.02763315476477146
-0.009833908639848232
0.003988801036030054
-0.06987173110246658
0.1121930480003357
0.01500113494694233
-0.11276809126138687
0.03239230066537857
0.10382062196731567
-0.21110153198242188
0.19348084926605225
0.018061209470033646
-0.08408979326486588
-0.10290303081274033
-0.0026616172399371862
-0.16536027193069458
0.032543037086725235
0.13920773565769196
-0.32159385085105896
0.23929914832115173
0.18001225590705872
0.006086587440222502
0.10261085629463196
-0.03806667402386665
-0.0017757201567292213
-0.022965706884860992
-0.10690922290086746
-0.1807185262441635
-0.06983856111764908
0.12639780342578888
0.048372283577919006
0.06799068301916122
0.031249362975358963
