-0.03329157829284668
-0.062186725437641144
0.03354515880346298
-0.0762627050280571
-0.032618649303913116
-0.021485844627022743
0.09136363863945007
-0.06654240936040878
0.162975013256073
-0.02999897301197052
0.1430329978466034
-0.054499752819538116
-0.23305557668209076
-0.014351239427924156
0.0982813909649849
0.07002817839384079
-0.13982339203357697
-0.08117134869098663
-0.007331203669309616
-0.05323943495750427
0.05852443724870682
0.01609400287270546
-0.024655817076563835
0.1398630291223526
-0.2225959748029709
-0.25462839007377625
-0.14799688756465912
-0.1637532114982605
-0.009649422019720078
0.020629724487662315
-0.01181275025010109
0.10856553912162781
-0.14192171394824982
-0.03632006794214249
0.05213315039873123
0.05806422233581543
-0.13549141585826874
-0.06585362553596497
0.23462431132793427
0.0676456093788147
-0.18194808065891266
0.04094867780804634
-0.019369712099432945
0.285936564207077
0.12070789188146591
0.06141287088394165
0.038656268268823624
0.031308095902204514
0.13128311932086945
-0.3211003839969635
0.0880487859249115
0.17366178333759308
0.10351945459842682
0.08832629024982452
0.060788027942180634
-0.160955548286438
0.08018425107002258
0.08122788369655609
-0.2942974269390106
0.15967383980751038
0.056036751717329025
-0.17812730371952057
0.09241288155317307
-0.012732324190437794
0.17626605927944183
0.11797824501991272
-0.11855953186750412
-0.055222827941179276
0.1378019005060196
-0.1800154447555542
-0.04368080198764801
0.08533836901187897
-0.1645197868347168
-0.24179178476333618
-0.2844879925251007
0.07648105919361115
0.3934997022151947
0.18679040670394897
-0.1358375996351242
0.009986762888729572
-0.07538758218288422
0.027470242232084274
0.13741235435009003
0.08183994144201279
-0.017795514315366745
-0.03713390231132507
-0.08081912994384766
0.036618057638406754
0.21243438124656677
-0.0680583044886589
-0.044298917055130005
0.26669296622276306
0.005789631046354771
0.040087874978780746
0.015790466219186783
0.02243533544242382
-0.03528890758752823
-0.021218542009592056
-0.048787347972393036
0.09459978342056274
0.01861223205924034
-0.09873132407665253
0.059029702097177505
0.10697673261165619
-0.2387264370918274
0.20947186648845673
-0.00640735263004899
-0.0771172046661377
-0.08915038406848907
-0.0004699717974290252
-0.16861750185489655
0.036618564277887344
0.1439160257577896
-0.32358241081237793
0.21914876997470856
0.1845259964466095
0.010781442746520042
0.1250690072774887
-0.04585880786180496
-0.011888542212545872
-0.05057789757847786
-0.08481220155954361
-0.17828966677188873
-0.06919550150632858
0.10854864120483398
0.032971370965242386
0.060580819845199585
0.040940891951322556
