-0.025321798399090767
-0.032499972730875015
0.03163005784153938
-0.09382162243127823
-0.09161192923784256
-0.011275229975581169
0.05694169923663139
-0.053515855222940445
0.06484224647283554
-0.05696132406592369
0.20771805942058563
-0.10423211753368378
-0.2792189419269562
-0.051894959062337875
0.005007636733353138
0.08950884640216827
-0.14390899240970612
-0.06659916043281555
-0.03134997934103012
-0.02652677893638611
0.08772213011980057
0.0324898436665535
0.02642487920820713
0.10426658391952515
-0.18033260107040405
-0.25183096528053284
-0.0991411805152893
-0.10741138458251953
-0.12929438054561615
-0.036672599613666534
0.04989822208881378
0.1836353838443756
-0.11912630498409271
0.026950541883707047
-0.0070585822686553
0.031575895845890045
-0.06519292294979095
-0.02180739864706993
0.1936972588300705
0.015607457607984543
-0.17178262770175934
0.043727975338697433
0.008223021402955055
0.29808929562568665
0.13802143931388855
0.020273758098483086
0.00826976727694273
0.024710066616535187
0.12646952271461487
-0.316767156124115
0.001066833734512329
0.13901041448116302
0.13287091255187988
0.008421954698860645
0.06450416892766953
-0.08264796435832977
0.04819629341363907
0.13430140912532806
-0.23100586235523224
0.10662858188152313
-0.03983517363667488
-0.17205575108528137
0.05398070439696312
-0.12589304149150848
0.18330927193164825
0.052387893199920654
-0.1526937484741211
-0.0038827573880553246
0.16929183900356293
-0.10250935703516006
-0.10714495182037354
0.09839009493589401
-0.16994820535182953
-0.2582862079143524
-0.2740585207939148
0.05901758000254631
0.3997836410999298
0.14454644918441772
-0.1896003633737564
0.03720938041806221
-0.007849441841244698
0.0023705950006842613
0.05080750212073326
0.10724594444036484
-0.04288123548030853
-0.0070158569142222404
-0.10027358680963516
0.07247332483530045
0.18757201731204987
-0.1177467405796051
-0.06205488368868828
0.2858566343784332
0.01873762160539627
0.04554126039147377
0.04194902628660202
-0.0015665439423173666
0.02587715908885002
0.018521111458539963
-0.11095838248729706
0.12313497066497803
0.024397078901529312
-0.18503372371196747
-0.017474211752414703
0.04858355224132538
-0.17156770825386047
0.17576485872268677
-0.008563854731619358
-0.06640583276748657
-0.0958312451839447
-0.019204923883080482
-0.120693638920784
0.06865993142127991
0.14449059963226318
-0.3443485200405121
0.1568654626607895
0.16748782992362976
0.031570617109537125
0.1544315665960312
-0.02973107621073723
0.02434062957763672
-0.03282829374074936
-0.07888861745595932
-0.15861983597278595
-0.11371240764856339
0.17523939907550812
0.006814247462898493
0.07144058495759964
0.04406007379293442
