-0.08712983131408691
0.19306811690330505
0.04697979614138603
-0.050960101187229156
-0.1271248459815979
0.13073261082172394
-0.11237533390522003
-0.02002624422311783
0.14428165555000305
-0.12561051547527313
0.24317511916160583
-0.03950292989611626
-0.2512556314468384
-0.008346814662218094
-0.0834457203745842
0.13077691197395325
-0.15027832984924316
-0.17209777235984802
-0.04560350626707077
-0.04774584621191025
0.020577123388648033
0.07134466618299484
-0.04061558470129967
0.024832017719745636
-0.18261784315109253
-0.3629940152168274
-0.07095716148614883
-0.08805541694164276
0.02980158105492592
-0.10357184708118439
-0.0394800528883934
-0.01029996108263731
-0.14716698229312897
0.0290400218218565
0.015566639602184296
0.07940249145030975
-0.013533646240830421
-0.043759193271398544
0.19279831647872925
0.04780846834182739
-0.17242787778377533
0.0729258581995964
0.04761272668838501
0.328166127204895
0.08292645961046219
0.019150633364915848
-0.016934290528297424
-0.03984871879220009
0.1046273410320282
-0.22097265720367432
0.10900261253118515
0.20448918640613556
0.13169404864311218
0.08973893523216248
0.06576056778430939
-0.1075807437300682
0.04459130018949509
0.16071578860282898
-0.19613225758075714
0.03416468948125839
0.03814130648970604
-0.034016601741313934
0.009174641221761703
-0.04874253273010254
0.20314399898052216
0.10943397879600525
-0.0816602110862732
-0.14348848164081573
0.12333057075738907
-0.09824442118406296
-0.020780714228749275
0.09574725478887558
-0.09585946798324585
-0.178754523396492
-0.19448503851890564
0.12401287257671356
0.4352797865867615
0.22321301698684692
-0.17736802995204926
0.050643227994441986
-0.01389160007238388
-0.08930528908967972
0.07918144762516022
0.05776584893465042
-0.09425126016139984
-0.012526638805866241
-0.10350512713193893
0.08867190033197403
0.19883401691913605
0.007056247442960739
-0.010756396688520908
0.21579374372959137
0.055117227137088776
0.030057717114686966
0.06451668590307236
0.025549093261361122
-0.12293310463428497
-0.03042754717171192
-0.10332263261079788
-0.013706494122743607
-0.007807433605194092
-0.05348774045705795
-0.05280156806111336
0.0676482766866684
-0.16325117647647858
0.15267299115657806
0.024818703532218933
-0.07303997129201889
-0.031669460237026215
0.0710000991821289
-0.05053180828690529
-0.044326022267341614
0.16167187690734863
-0.2823158800601959
0.13452017307281494
0.10417719185352325
0.056650638580322266
0.17045357823371887
0.11327285319566727
0.038014426827430725
0.008017940446734428
-0.07999634742736816
-0.14749988913536072
-0.12740883231163025
0.06873683631420135
-0.06266603618860245
0.08118025213479996
0.01911565288901329
