-0.058102916926145554
0.1372135728597641
0.1672898679971695
-0.08113934099674225
-0.1293322741985321
0.1164834052324295
-0.17691534757614136
-0.05116177722811699
0.04297295957803726
-0.1909397393465042
0.2575165331363678
0.004035111051052809
-0.21950414776802063
-0.07081050425767899
0.08182477205991745
0.16450826823711395
-0.18962541222572327
-0.11913252621889114
-0.054709650576114655
-0.04953630268573761
-0.009644238278269768
0.08153533935546875
-0.0010323014575988054
-0.0007609925232827663
-0.09056591242551804
-0.3385966122150421
-0.08518683165311813
-0.04648551344871521
0.0743512436747551
-0.10932076722383499
-0.0773618221282959
-0.07402567565441132
-0.12491995841264725
0.05892375856637955
0.009635074064135551
0.07536712288856506
-0.07649527490139008
-0.07066384702920914
0.17958861589431763
-0.011661448515951633
-0.2139190435409546
0.05043112859129906
0.008137399330735207
0.175824373960495
0.18521051108837128
0.049183085560798645
0.02797616273164749
-0.06497672945261002
0.1600339710712433
-0.21914665400981903
0.17333927750587463
0.17942224442958832
0.1699608415365219
0.08229438960552216
0.023132402449846268
-0.18114398419857025
-0.04348401725292206
0.1715085506439209
-0.15000487864017487
0.07423435896635056
0.08067453652620316
-0.09857887774705887
0.013627639971673489
-0.07202544063329697
0.13824935257434845
0.13506251573562622
-0.1383369117975235
-0.2370181828737259
0.13905441761016846
-0.10958187282085419
-0.0980764627456665
0.08557884395122528
-0.14398923516273499
-0.15626110136508942
-0.2919923961162567
0.05310025066137314
0.3282657563686371
0.15703356266021729
-0.19667933881282806
-0.06548457592725754
-0.011756072752177715
-0.05812469869852066
0.005722758360207081
0.14805731177330017
-0.061913151293992996
-0.06033499166369438
-0.03526519611477852
0.04693116620182991
0.17280252277851105
-0.03459678590297699
-0.021229779347777367
0.21943700313568115
0.03538893908262253
0.10100095719099045
-0.00277611892670393
0.06989624351263046
-0.05650763958692551
-0.021364185959100723
-0.09335082769393921
0.022510353475809097
-0.0813927873969078
-0.08540740609169006
-0.024146132171154022
0.11955887824296951
-0.16783684492111206
0.2825046479701996
-0.014254213310778141
0.01025140006095171
-0.02744843065738678
0.05238904058933258
-0.08706340938806534
-0.01665005460381508
0.1838148534297943
-0.24320785701274872
0.16696445643901825
0.22518521547317505
0.11877237260341644
0.15411938726902008
0.13734786212444305
0.11935531347990036
0.019634295254945755
-0.09189507365226746
-0.2343083918094635
-0.10309004783630371
0.02223878726363182
-0.052419569343328476
0.04657715559005737
0.10172715783119202
