-0.073682501912117
0.14400215446949005
0.09350336343050003
-0.07345174998044968
-0.1204017698764801
0.16102056205272675
-0.1398337036371231
-0.035946328192949295
0.05869285389780998
-0.19935792684555054
0.27990368008613586
-0.017289940267801285
-0.24746651947498322
-0.057278309017419815
0.03601112216711044
0.15105248987674713
-0.10662312060594559
-0.10106421262025833
-0.08797328919172287
-0.06833518296480179
0.05646205693483353
0.07802595943212509
-0.02966073527932167
0.021878153085708618
-0.08190708607435226
-0.33741170167922974
-0.039945293217897415
-0.052910082042217255
0.00701756589114666
-0.13676442205905914
-0.02301381155848503
-0.012315090745687485
-0.10710301250219345
0.09978081285953522
-0.0008939802646636963
0.09796790033578873
-0.06886952370405197
-0.03803930804133415
0.1717880517244339
-0.014880881644785404
-0.21023695170879364
0.11122848093509674
0.014257287606596947
0.2192620187997818
0.11888416856527328
0.018210671842098236
0.01079480443149805
-0.0777808204293251
0.16062094271183014
-0.22403459250926971
0.09189990907907486
0.18951979279518127
0.13611352443695068
0.05478576570749283
0.04316472262144089
-0.1444244682788849
-0.0004926621913909912
0.08720146119594574
-0.17676499485969543
0.05429760739207268
0.05102963000535965
-0.14858099818229675
-0.06085836887359619
-0.10323963314294815
0.11859425902366638
0.12284375727176666
-0.13691215217113495
-0.23800256848335266
0.11586307734251022
-0.1152305155992508
-0.080189548432827
0.1485455185174942
-0.15668313205242157
-0.1924341917037964
-0.2536395788192749
0.10480911284685135
0.39333274960517883
0.17471793293952942
-0.1878412961959839
0.008237759582698345
0.01306505873799324
-0.047221437096595764
0.02913782186806202
0.16132336854934692
-0.02706238627433777
-0.059077512472867966
-0.04851400479674339
0.09521578252315521
0.1594066321849823
-0.06278049945831299
-0.04553302377462387
0.22471733391284943
0.05770039185881615
0.09066137671470642
-0.00810161605477333
0.06743363291025162
-0.06046387553215027
-0.0429021380841732
-0.09723342955112457
0.011703059077262878
-0.05339834839105606
-0.09476308524608612
-0.03532906621694565
0.048670340329408646
-0.16155694425106049
0.2563405930995941
-0.028550822287797928
-0.014066826552152634
-0.016226347535848618
0.06292574852705002
-0.08475479483604431
0.012495791539549828
0.1505350023508072
-0.28322869539260864
0.15711694955825806
0.19077400863170624
0.14498794078826904
0.14597341418266296
0.14816564321517944
0.10181524604558945
0.036301322281360626
-0.07561624050140381
-0.2266441285610199
-0.1363150179386139
0.031202254816889763
-0.012412093579769135
0.017631080001592636
0.03514966368675232
