-0.08081357926130295
0.22892165184020996
0.08274779468774796
-0.07494760304689407
-0.10047389566898346
0.18378332257270813
-0.10705272853374481
-0.020529411733150482
0.08088678121566772
-0.2002851366996765
0.29890185594558716
-0.022793371230363846
-0.24585019052028656
-0.050607502460479736
0.037170179188251495
0.16022342443466187
-0.1412840336561203
-0.10115933418273926
-0.1330057680606842
-0.04828379303216934
0.06460477411746979
0.08589407056570053
-0.027048183605074883
0.0018748706206679344
-0.12198857963085175
-0.3353536128997803
-0.0021032290533185005
-0.046557456254959106
0.00923817977309227
-0.1402759850025177
-0.014730139635503292
-0.04101016744971275
-0.12131410837173462
0.1010827124118805
-0.018254250288009644
0.07507506757974625
-0.10723472386598587
-0.04760122299194336
0.20473119616508484
-0.029025143012404442
-0.22529132664203644
0.11114051192998886
0.02240295521914959
0.22579628229141235
0.14503319561481476
-0.008580741472542286
-0.01805308274924755
-0.07930101454257965
0.16334748268127441
-0.24408775568008423
0.0629669576883316
0.2011791169643402
0.129290372133255
0.09155251830816269
0.04133640229701996
-0.13715213537216187
0.009935850277543068
0.09031225740909576
-0.1593724638223648
-0.0016246959567070007
0.02750660479068756
-0.13178621232509613
-0.06099952757358551
-0.08748399466276169
0.12184669077396393
0.1074279174208641
-0.13634487986564636
-0.23701798915863037
0.09378613531589508
-0.1064700186252594
-0.07355237007141113
0.15749600529670715
-0.14203937351703644
-0.206015482544899
-0.25765717029571533
0.10061328858137131
0.35993215441703796
0.1720573902130127
-0.19880688190460205
-0.0012135691940784454
0.019967541098594666
-0.05047733709216118
0.04938057065010071
0.1618550419807434
-0.04614163562655449
-0.07800279557704926
-0.05003274977207184
0.09831592440605164
0.17276819050312042
-0.08053617924451828
-0.06508197635412216
0.23426975309848785
0.07453860342502594
0.06887608766555786
-0.014866525307297707
0.04670587554574013
-0.06372593343257904
-0.02886253222823143
-0.09823784232139587
0.03009503334760666
-0.015532370656728745
-0.07945570349693298
-0.07133892178535461
0.07980363816022873
-0.16912522912025452
0.25578469038009644
-0.01285078376531601
-0.000555119477212429
0.011080380529165268
0.047562818974256516
-0.08894725888967514
-0.0029139467515051365
0.1473882794380188
-0.2706657946109772
0.1614963263273239
0.19339345395565033
0.09688764065504074
0.13156184554100037
0.1786893755197525
0.08049272000789642
0.043127551674842834
-0.023189250379800797
-0.24941673874855042
-0.13189586997032166
0.06272915005683899
-0.016444280743598938
0.020632460713386536
0.00659042177721858
