-0.0613088496029377
0.171432226896286
0.11208804696798325
-0.07529344409704208
-0.11127045005559921
0.15304075181484222
-0.10329154133796692
-0.013347567990422249
0.06150489300489426
-0.18386897444725037
0.279585063457489
-0.03052295371890068
-0.25608953833580017
-0.011040756478905678
0.05653292313218117
0.15653958916664124
-0.11601608991622925
-0.10091734677553177
-0.12126702070236206
-0.07118828594684601
0.02565459907054901
0.12635885179042816
-0.00642687501385808
0.007240843493491411
-0.08580343425273895
-0.38067689538002014
-0.02882929891347885
-0.05165231227874756
0.04279109090566635
-0.12317351251840591
-0.03625437989830971
-0.02013350836932659
-0.10928793251514435
0.09118454903364182
0.02747616358101368
0.05794817954301834
-0.12020954489707947
-0.07673929631710052
0.237859308719635
0.03423169255256653
-0.24222217500209808
0.057335883378982544
0.0068182311952114105
0.2645264267921448
0.11991669982671738
0.004385528154671192
0.014827504754066467
-0.08241213858127594
0.15347696840763092
-0.23256291449069977
0.09961484372615814
0.20778538286685944
0.129934161901474
0.07029177993535995
0.022810230031609535
-0.13849633932113647
0.013891654089093208
0.08650040626525879
-0.20459137856960297
0.018277931958436966
0.07556721568107605
-0.13232333958148956
-0.06264057755470276
-0.09081815183162689
0.16115021705627441
0.14438962936401367
-0.1373242884874344
-0.23806597292423248
0.11676425486803055
-0.10046601295471191
-0.0701228603720665
0.14696137607097626
-0.16506150364875793
-0.1730320304632187
-0.23939105868339539
0.06637813150882721
0.3976369798183441
0.13362836837768555
-0.16635963320732117
-0.025961540639400482
-0.01937951147556305
-0.049790866672992706
0.05766334384679794
0.16244158148765564
-0.0870695412158966
-0.04937156289815903
-0.022838057950139046
0.11594776064157486
0.1777145117521286
-0.06889429688453674
-0.09022016078233719
0.19952857494354248
0.05238673463463783
0.0762043222784996
0.012584365904331207
0.06820403039455414
-0.07335124164819717
-0.042316876351833344
-0.09807240962982178
0.006247694604098797
-0.012861676514148712
-0.092328280210495
-0.026194099336862564
0.10728345066308975
-0.20494911074638367
0.2834194004535675
-0.009893598034977913
-0.016116729006171227
0.03711095452308655
0.04215937852859497
-0.0894443690776825
-0.008297146297991276
0.15404872596263885
-0.26655420660972595
0.15374404191970825
0.18095183372497559
0.11259430646896362
0.12951910495758057
0.14320559799671173
0.06956203281879425
0.01208602823317051
-0.0620369017124176
-0.2703925371170044
-0.11635541170835495
0.06336700916290283
0.011331303976476192
0.042623452842235565
0.01238352619111538
