-0.012785805389285088
0.14197193086147308
0.12614236772060394
-0.05709793046116829
-0.14276817440986633
0.08670012652873993
-0.1654975861310959
-0.07219725102186203
0.049893565475940704
-0.20356804132461548
0.3008738160133362
-0.03691619634628296
-0.19324620068073273
-0.02203170582652092
-0.013745734468102455
0.15769550204277039
-0.1326245218515396
-0.08746343851089478
-0.10262186080217361
-0.06489190459251404
0.011219298467040062
0.09231353551149368
0.0011966563761234283
-0.00357627822086215
-0.0762443020939827
-0.319285124540329
-0.040949635207653046
-0.030181104317307472
0.0923091471195221
-0.11527592688798904
-0.07231421768665314
-0.013846411369740963
-0.12032172828912735
0.039590515196323395
0.013682606630027294
0.052476249635219574
-0.08534777164459229
-0.053054679185152054
0.18378575146198273
-0.007131421938538551
-0.2367950677871704
0.067784883081913
0.03036881610751152
0.18056485056877136
0.1465120166540146
0.04789380729198456
0.009460166096687317
-0.12047791481018066
0.15964123606681824
-0.22902311384677887
0.13970379531383514
0.14177317917346954
0.16636183857917786
0.07445825636386871
0.05741984024643898
-0.19722823798656464
-0.011493973433971405
0.1474515199661255
-0.14228267967700958
0.07068052887916565
0.06159692257642746
-0.08305645734071732
0.020774763077497482
-0.06859952211380005
0.14158077538013458
0.1157648041844368
-0.10025925934314728
-0.19607453048229218
0.1533074826002121
-0.10022658109664917
-0.05285549908876419
0.1613679826259613
-0.07848238945007324
-0.17274919152259827
-0.2568624019622803
0.04001878947019577
0.3638526499271393
0.16046856343746185
-0.17474134266376495
-0.06473900377750397
0.0062095364555716515
-0.07155895233154297
0.044050946831703186
0.10294654220342636
-0.08682017028331757
-0.07291772961616516
-0.06300561130046844
0.04287806153297424
0.18342453241348267
-0.050210773944854736
-0.031084036454558372
0.2517082989215851
0.032639019191265106
0.09318147599697113
0.0005759862251579762
0.0971795991063118
-0.1252620369195938
0.0010747602209448814
-0.08880629390478134
-0.002882561646401882
-0.0169429499655962
-0.08895527571439743
-0.027628406882286072
0.10761117935180664
-0.165103018283844
0.2359602451324463
-0.05753188952803612
0.014182555489242077
0.016518324613571167
0.04544078931212425
-0.04590544477105141
-0.019479526206851006
0.1700894832611084
-0.2335720956325531
0.14506715536117554
0.17025277018547058
0.12499752640724182
0.14793206751346588
0.1508370339870453
0.07456795871257782
0.03145124018192291
-0.12239204347133636
-0.23683682084083557
-0.09958517551422119
0.028394635766744614
-0.08484121412038803
0.016714394092559814
0.07248028367757797
