-0.10536293685436249
0.17142947018146515
0.08377344906330109
-0.03243625909090042
-0.12687468528747559
0.1696285456418991
-0.1227843314409256
-0.032666247338056564
0.10871016979217529
-0.16397450864315033
0.259595662355423
0.017671197652816772
-0.22168107330799103
-0.026176145300269127
0.027010265737771988
0.16930028796195984
-0.10198113322257996
-0.0847049131989479
-0.08400125801563263
-0.08246257901191711
0.0705789104104042
0.07919324189424515
-0.02408544346690178
0.0090095279738307
-0.06526920944452286
-0.3533201217651367
-0.02782072126865387
-0.048783428966999054
0.005520165897905827
-0.12517476081848145
-0.04534294828772545
-0.0452565997838974
-0.11991911381483078
0.1120891347527504
0.011015639640390873
0.043816059827804565
-0.10080639272928238
-0.07690182328224182
0.18539102375507355
-0.02774874120950699
-0.17762289941310883
0.046157632023096085
-0.005474628880620003
0.1878754198551178
0.11768750846385956
-0.0018009963678196073
0.019287986680865288
-0.09248463064432144
0.1615774780511856
-0.19870930910110474
0.04896748065948486
0.1890803426504135
0.11360616981983185
0.035101644694805145
0.05862187594175339
-0.14946436882019043
-0.014895480126142502
0.07373116165399551
-0.12981179356575012
0.0070711420848965645
0.002824082039296627
-0.14522667229175568
-0.0872649997472763
-0.11264917254447937
0.15034709870815277
0.12388239055871964
-0.11203135550022125
-0.23308733105659485
0.13405093550682068
-0.07947316765785217
-0.05368344485759735
0.09589486569166183
-0.15128447115421295
-0.22745870053768158
-0.2360905408859253
0.09019868075847626
0.4153642952442169
0.145504891872406
-0.21525833010673523
0.020250286906957626
-0.0023578524123877287
-0.039501771330833435
0.05590338632464409
0.16034887731075287
-0.04530403017997742
-0.07419867068529129
-0.06237003207206726
0.06872197240591049
0.19244307279586792
-0.09202266484498978
-0.04893512278795242
0.18766264617443085
0.04636579006910324
0.07674046605825424
-0.020698443055152893
0.027491487562656403
-0.051283083856105804
-0.01693398505449295
-0.0800161361694336
0.012417103163897991
-0.04724552482366562
-0.08147208392620087
-0.04934984818100929
0.072038933634758
-0.18016280233860016
0.19925735890865326
0.0004650296177715063
-0.026004787534475327
-0.017396511510014534
0.03834734484553337
-0.12210413813591003
-0.011699231341481209
0.12699078023433685
-0.27385956048965454
0.16757026314735413
0.17519685626029968
0.10467712581157684
0.18616612255573273
0.1102551743388176
0.11218578368425369
0.04381144791841507
-0.040905822068452835
-0.2209562212228775
-0.11327474564313889
0.05132219195365906
0.007045559119433165
-0.028860338032245636
0.02058514580130577
