-0.09792350977659225
0.16734133660793304
0.06560353189706802
-0.05060838162899017
-0.11410322785377502
0.12321706116199493
-0.11831784248352051
-0.05212441086769104
0.13931022584438324
-0.17154569923877716
0.24984364211559296
-0.028589852154254913
-0.22962729632854462
-0.01578347198665142
-0.06261000037193298
0.17161844670772552
-0.16124849021434784
-0.18669483065605164
-0.03642164170742035
-0.043222129344940186
0.021846748888492584
0.06064359098672867
-0.02508239634335041
0.04727960377931595
-0.14107973873615265
-0.3743875324726105
-0.09045324474573135
-0.0629616305232048
0.05409006029367447
-0.09876316040754318
-0.0753646120429039
-0.0320977047085762
-0.15046708285808563
0.02584366500377655
0.0250588096678257
0.09855668991804123
-0.032753005623817444
-0.0662473738193512
0.1820877641439438
0.053817059844732285
-0.17755919694900513
0.05982736870646477
0.06301993131637573
0.29826194047927856
0.10297470539808273
0.027567382901906967
-0.008528115227818489
-0.06251727789640427
0.10609368979930878
-0.22435550391674042
0.12626394629478455
0.1698169857263565
0.15257790684700012
0.10624034702777863
0.08231807500123978
-0.1438053995370865
0.009416274726390839
0.1696501076221466
-0.1643752157688141
0.06571127474308014
0.03060462325811386
-0.013722196221351624
0.0074535999447107315
-0.0755268856883049
0.1997513324022293
0.15650063753128052
-0.08980309218168259
-0.19048108160495758
0.15332448482513428
-0.099908247590065
-0.049377623945474625
0.10134073346853256
-0.09198500961065292
-0.17474080622196198
-0.1777101755142212
0.08424170315265656
0.3919209837913513
0.2209792137145996
-0.2084161937236786
-0.00622142106294632
0.008241942152380943
-0.0843510776758194
0.06984744966030121
0.08682260662317276
-0.06095367670059204
-0.019392821937799454
-0.09788248687982559
0.04332002252340317
0.19311554729938507
0.02282434143126011
-0.02207350730895996
0.2184688299894333
0.03710261732339859
0.04474835470318794
0.061483606696128845
0.051763683557510376
-0.1465073525905609
-0.011176221072673798
-0.15187077224254608
-0.06746150553226471
-0.04066930711269379
-0.02531062252819538
-0.0609094463288784
0.08599051088094711
-0.13439153134822845
0.18918892741203308
-0.003249453380703926
-0.04915931448340416
-0.03811812028288841
0.08316899091005325
-0.06256779283285141
-0.020518258213996887
0.1480053961277008
-0.2543591260910034
0.14900067448616028
0.12700287997722626
0.060405656695365906
0.15659821033477783
0.11281462013721466
0.06327424943447113
0.019991924986243248
-0.08726418018341064
-0.18033260107040405
-0.11992909014225006
0.047684404999017715
-0.08733991533517838
0.0593395009636879
0.02143748104572296
