-0.04260433092713356
0.13717997074127197
0.08455231040716171
-0.08592464029788971
-0.09729340672492981
0.12203528732061386
-0.1007021889090538
0.03474269434809685
0.15163372457027435
-0.16917523741722107
0.2944140136241913
-0.08023544400930405
-0.26149678230285645
-0.024421289563179016
0.039267465472221375
0.14327780902385712
-0.1755775809288025
-0.1123678982257843
-0.10404005646705627
-0.06698466837406158
-0.012051410973072052
0.06272843480110168
-0.05497105419635773
0.01916012354195118
-0.12454240024089813
-0.3593863248825073
-0.05856700986623764
-0.10257526487112045
0.029894940555095673
-0.11095224320888519
-0.07333560287952423
0.0010058972984552383
-0.1343218982219696
-0.028361795470118523
0.05648299679160118
0.034069426357746124
-0.04517565667629242
-0.058121148496866226
0.21815240383148193
-0.02063436061143875
-0.1674121916294098
0.04370485618710518
0.08462591469287872
0.1935432106256485
0.10989078879356384
0.08394359052181244
-0.02473122626543045
-0.08762353658676147
0.12711985409259796
-0.21596163511276245
0.08692888915538788
0.2120785266160965
0.17343880236148834
0.12698757648468018
0.046993039548397064
-0.1844356507062912
0.015026018023490906
0.09862172603607178
-0.2022085189819336
0.061746593564748764
0.06018766015768051
-0.08164182305335999
-0.03346496820449829
-0.0794026181101799
0.20646755397319794
0.11528834700584412
-0.13876159489154816
-0.2327171117067337
0.1575389802455902
-0.10132165253162384
-0.07038986682891846
0.12732654809951782
-0.12407223880290985
-0.18963636457920074
-0.23344174027442932
0.07876647263765335
0.37711086869239807
0.19208690524101257
-0.20033970475196838
-0.0194210447371006
-0.046861931681632996
-0.11023836582899094
0.009758912026882172
0.10476706176996231
-0.0800759419798851
-0.08014673739671707
-0.01694404147565365
0.05606234073638916
0.1874464452266693
-0.005874648690223694
-0.04680719971656799
0.17166486382484436
0.017972135916352272
0.08660759776830673
0.0006159082986414433
0.041849732398986816
-0.10176540911197662
-0.02397734485566616
-0.11860037595033646
0.03114011511206627
-0.015900183469057083
-0.07973811030387878
-0.049303218722343445
0.10037331283092499
-0.16995300352573395
0.20134231448173523
-0.020798703655600548
-0.07053719460964203
-0.03926634043455124
0.09396973252296448
-0.08675074577331543
0.004391844384372234
0.1899866908788681
-0.3001718819141388
0.1948784589767456
0.15794126689434052
0.12031420320272446
0.1575605720281601
0.12987518310546875
0.09352055937051773
0.03835904225707054
-0.06713257730007172
-0.2434283345937729
-0.16965968906879425
0.03561132028698921
-0.03732588142156601
0.08889542520046234
0.0402202270925045
