-0.07516549527645111
0.1707945019006729
0.09381039440631866
-0.053382739424705505
-0.1282445639371872
0.14226603507995605
-0.1619780957698822
-0.04566998407244682
0.07243036478757858
-0.14531904458999634
0.25111547112464905
0.0427454449236393
-0.22438731789588928
-0.013891765847802162
0.0032952381297945976
0.17205040156841278
-0.10943280160427094
-0.06554912775754929
-0.08393128216266632
-0.08385221660137177
0.03493836894631386
0.086185522377491
-0.024198081344366074
-0.0047468338161706924
-0.018381139263510704
-0.3331226706504822
-0.013870790600776672
-0.03654228895902634
0.004215010441839695
-0.08573935180902481
0.0004609581083059311
-0.03890671953558922
-0.12964580953121185
0.10643608123064041
0.018436111509799957
0.01722606085240841
-0.11450862884521484
-0.05708538740873337
0.1758473813533783
-0.04360001161694527
-0.18090322613716125
0.050573207437992096
0.012325226329267025
0.17108362913131714
0.133092001080513
0.008411791175603867
0.02247728779911995
-0.0637129619717598
0.13939112424850464
-0.21978655457496643
0.03380107134580612
0.18489205837249756
0.10689223557710648
0.03518657013773918
0.04940342903137207
-0.15874728560447693
-0.000373118557035923
0.10015518963336945
-0.14094698429107666
0.016101203858852386
0.0004430585540831089
-0.1470920443534851
-0.08828744292259216
-0.0857134759426117
0.15274032950401306
0.11585939675569534
-0.1316741704940796
-0.2316359430551529
0.1307281106710434
-0.09051448106765747
-0.055821679532527924
0.09412701427936554
-0.13010528683662415
-0.2153489589691162
-0.24216574430465698
0.08363951742649078
0.3932144343852997
0.14597435295581818
-0.20615004003047943
0.02041591703891754
0.002787848236039281
-0.03140497952699661
0.04077385365962982
0.13361114263534546
-0.038878001272678375
-0.10312948375940323
-0.052534427493810654
0.023727569729089737
0.16423378884792328
-0.07748404145240784
-0.04881827533245087
0.20539134740829468
0.03705131635069847
0.060295701026916504
-0.034428488463163376
0.06214123219251633
-0.054144904017448425
-0.024097245186567307
-0.08238165080547333
0.0061443401500582695
-0.045486707240343094
-0.08289976418018341
-0.03913344815373421
0.08246219903230667
-0.17379352450370789
0.21217581629753113
-0.01955641806125641
0.005753558129072189
0.005382068920880556
0.06513340026140213
-0.09301981329917908
-0.03247969225049019
0.13186658918857574
-0.2562817633152008
0.18968605995178223
0.18726933002471924
0.09089190512895584
0.1728215515613556
0.12111642211675644
0.1031065285205841
0.041364170610904694
-0.05189784616231918
-0.2136181890964508
-0.150518536567688
0.019768554717302322
-0.012317253276705742
-0.03543611988425255
0.03283153474330902
