-0.05221230164170265
0.1344977617263794
0.16239017248153687
-0.07954593747854233
-0.11436395347118378
0.11290180683135986
-0.16399899125099182
-0.036915123462677
0.06869862973690033
-0.20042511820793152
0.28140559792518616
0.014265498146414757
-0.22240860760211945
-0.08585996925830841
0.10244445502758026
0.14874029159545898
-0.1906057745218277
-0.11678879708051682
-0.07963137328624725
-0.03974374383687973
-0.012355231679975986
0.10416336357593536
-0.003946142271161079
-0.008211953565478325
-0.0926092267036438
-0.35082775354385376
-0.05731793865561485
-0.045425787568092346
0.05472844839096069
-0.11220191419124603
-0.06346569210290909
-0.053359825164079666
-0.13218984007835388
0.048218391835689545
0.011512355878949165
0.05954332277178764
-0.07044148445129395
-0.059854138642549515
0.19073303043842316
-0.02047598548233509
-0.22518424689769745
0.04149773716926575
0.008666127920150757
0.15702089667320251
0.16772787272930145
0.04440966248512268
0.021779745817184448
-0.07105036079883575
0.1742601841688156
-0.23957295715808868
0.1506211757659912
0.19843362271785736
0.15987573564052582
0.07906773686408997
0.040780823677778244
-0.1829162836074829
-0.04820713773369789
0.16447672247886658
-0.13123954832553864
0.08223437517881393
0.0610060915350914
-0.10990264266729355
0.0026420997455716133
-0.07321090251207352
0.13682787120342255
0.11173465102910995
-0.1402488350868225
-0.23652000725269318
0.13230293989181519
-0.09561993181705475
-0.12534528970718384
0.10632270574569702
-0.1434822976589203
-0.17423909902572632
-0.30213767290115356
0.0579843744635582
0.3286430835723877
0.1411450058221817
-0.21772107481956482
-0.04917985945940018
-0.014407339505851269
-0.06181895360350609
0.002711031585931778
0.16512726247310638
-0.046753011643886566
-0.07082746177911758
-0.03453444689512253
0.03760471194982529
0.18839119374752045
-0.023923177272081375
-0.033074866980314255
0.22430405020713806
0.031699150800704956
0.1118801087141037
-0.006513223052024841
0.06609587371349335
-0.043810803443193436
-0.029720906168222427
-0.09215345233678818
0.0334845706820488
-0.0475589893758297
-0.07926981151103973
-0.04753821715712547
0.12486673891544342
-0.16897426545619965
0.28052693605422974
-0.020887870341539383
0.009503738023340702
0.0012869518250226974
0.06004063040018082
-0.06558902561664581
-0.019579734653234482
0.1671031266450882
-0.2504609525203705
0.19347336888313293
0.21599289774894714
0.11462345719337463
0.16559956967830658
0.12294862419366837
0.12154673039913177
0.02325626090168953
-0.06962747871875763
-0.24010950326919556
-0.1372232735157013
0.021902814507484436
-0.03946346417069435
0.03338487073779106
0.08544289320707321
