-0.06948453187942505
0.1620136797428131
0.11222381144762039
-0.08650808781385422
-0.09947434812784195
0.1619739681482315
-0.09933190047740936
-0.01549629494547844
0.09357128292322159
-0.18453024327754974
0.28905928134918213
-0.007691431790590286
-0.25484147667884827
-0.02959536388516426
0.05826409161090851
0.15544380247592926
-0.12123516947031021
-0.09541110694408417
-0.09159062802791595
-0.06599587202072144
0.053416941314935684
0.12709501385688782
-0.004223922733217478
0.0025644293054938316
-0.11001594364643097
-0.3790389895439148
-0.0387110710144043
-0.03331873565912247
0.039137471467256546
-0.12415961176156998
-0.025563208386301994
-0.014443658292293549
-0.1068054586648941
0.1116790696978569
0.019785210490226746
0.05558349937200546
-0.11374334990978241
-0.0713166669011116
0.2255733609199524
0.0404045544564724
-0.24203073978424072
0.051750823855400085
-0.008823318406939507
0.25948089361190796
0.10889343917369843
-0.00864989124238491
0.018572639673948288
-0.08015118539333344
0.14983142912387848
-0.22190254926681519
0.07532364130020142
0.22034195065498352
0.11764612793922424
0.06328155100345612
0.024840105324983597
-0.10874692350625992
-0.012236203998327255
0.0949946716427803
-0.18381789326667786
0.024640046060085297
0.05698012560606003
-0.13990695774555206
-0.06839270889759064
-0.11060746014118195
0.14351093769073486
0.13059239089488983
-0.15918734669685364
-0.23884065449237823
0.10003023594617844
-0.09745804220438004
-0.09841421991586685
0.13276708126068115
-0.17365773022174835
-0.18289683759212494
-0.26114973425865173
0.06753584742546082
0.36711981892585754
0.12345723807811737
-0.17816680669784546
-0.012674817815423012
-0.005002970807254314
-0.03660142794251442
0.04423408955335617
0.1893959790468216
-0.0797315239906311
-0.022760629653930664
-0.014275658875703812
0.10587204992771149
0.18011948466300964
-0.07523014396429062
-0.08061619848012924
0.22189508378505707
0.046247418969869614
0.09687323868274689
-0.006222028750926256
0.07288838922977448
-0.05867702513933182
-0.04979091137647629
-0.08866142481565475
0.008443450555205345
-0.004457684233784676
-0.08387097716331482
-0.019381819292902946
0.11634014546871185
-0.20463943481445312
0.2895622253417969
-0.0032757900189608335
-0.009186509065330029
0.047109320759773254
0.055366989225149155
-0.09252424538135529
-0.022002635523676872
0.1370084136724472
-0.26951491832733154
0.15444667637348175
0.19834451377391815
0.11714392900466919
0.12332814931869507
0.14377667009830475
0.0697627067565918
0.008168135769665241
-0.04088885709643364
-0.2392708659172058
-0.11511321365833282
0.05626864731311798
0.005539441481232643
0.02408706769347191
-0.0031533637084066868
