-0.05757855623960495
0.2009705752134323
0.05834778770804405
-0.07194050401449203
-0.07979404926300049
0.10235404223203659
-0.10968545079231262
-0.05023510009050369
0.13624708354473114
-0.16219614446163177
0.2752818763256073
-0.04850529134273529
-0.23023557662963867
-0.015077130869030952
-0.0766327828168869
0.13331151008605957
-0.1639290601015091
-0.16473615169525146
-0.05835461616516113
-0.06178953871130943
0.037473805248737335
0.06050640344619751
-0.03535754233598709
0.02026127278804779
-0.1764649599790573
-0.30183514952659607
-0.09819462895393372
-0.06810104101896286
0.07074639201164246
-0.11707803606987
-0.042055729776620865
-0.05322793871164322
-0.14837951958179474
0.028759069740772247
0.01140662096440792
0.07191140204668045
-0.03947065770626068
-0.08558070659637451
0.21174617111682892
0.0677301436662674
-0.15554159879684448
0.0631379783153534
0.03106226772069931
0.3279563784599304
0.11997707188129425
0.011732980608940125
-0.024034466594457626
-0.07009989023208618
0.12635274231433868
-0.20951172709465027
0.13275708258152008
0.18389759957790375
0.1815091371536255
0.10147345066070557
0.08372397720813751
-0.1307646483182907
0.03499738126993179
0.1761869192123413
-0.1943429857492447
0.028414996340870857
0.03356523439288139
0.002977479249238968
0.011931110173463821
-0.06719554960727692
0.1900872141122818
0.1297048032283783
-0.10839447379112244
-0.15639014542102814
0.1521989107131958
-0.0938134416937828
-0.03451383858919144
0.10894608497619629
-0.0960179790854454
-0.1754758507013321
-0.19611096382141113
0.10211348533630371
0.4313133955001831
0.22253918647766113
-0.197124645113945
0.016220208257436752
0.006806246470659971
-0.09894241392612457
0.08498501032590866
0.08302126824855804
-0.10998034477233887
-0.0031466446816921234
-0.08030897378921509
0.06954638659954071
0.18129117786884308
-0.0008858721703290939
-0.05702674388885498
0.20127958059310913
0.028507987037301064
0.0315728597342968
0.06002277880907059
0.007842807099223137
-0.13267458975315094
-0.009294703602790833
-0.1126074492931366
-0.03239002078771591
-0.02358413115143776
-0.053408700972795486
-0.07090242952108383
0.09725511819124222
-0.1388787180185318
0.18593986332416534
0.03349408134818077
-0.06919848173856735
-0.04946371540427208
0.06447020918130875
-0.07336144894361496
-0.023426808416843414
0.16197894513607025
-0.28704825043678284
0.12101630121469498
0.11055096983909607
0.05149770900607109
0.14966633915901184
0.13283276557922363
0.05700307711958885
0.03222015127539635
-0.06148909777402878
-0.17265179753303528
-0.12110801041126251
0.0497845858335495
-0.06163819134235382
0.1028316542506218
0.009085111320018768
