-0.010207463055849075
0.15394240617752075
0.11003368347883224
-0.07781843096017838
-0.10882628709077835
0.12127403169870377
-0.14416617155075073
-0.04847655072808266
0.06267908960580826
-0.1932228058576584
0.29330873489379883
-0.03550006449222565
-0.2097035050392151
-0.03497258573770523
0.030755747109651566
0.12492281198501587
-0.1357949674129486
-0.08205113559961319
-0.11138299107551575
-0.06000912934541702
-0.003593521425500512
0.08624204993247986
-0.015055163763463497
-0.027818728238344193
-0.06712159514427185
-0.330872505903244
-0.04029454290866852
-0.06466261297464371
0.0637018010020256
-0.12392616271972656
-0.028532657772302628
-0.046027399599552155
-0.12438642233610153
0.061630502343177795
0.004406508058309555
0.03720930591225624
-0.11298166215419769
-0.04897698760032654
0.19740495085716248
-0.05763539299368858
-0.2192002534866333
0.059555165469646454
0.030312828719615936
0.1751355081796646
0.14016170799732208
0.044850144535303116
0.01158558763563633
-0.1245359480381012
0.17047010362148285
-0.1994403898715973
0.138628751039505
0.16663259267807007
0.13991528749465942
0.07274558395147324
0.060451000928878784
-0.2006554901599884
-0.007333254441618919
0.12971404194831848
-0.15445385873317719
0.06400052458047867
0.06105734780430794
-0.1033087894320488
-0.015271702781319618
-0.06388815492391586
0.1432792842388153
0.08864247798919678
-0.10809815675020218
-0.23556827008724213
0.15038497745990753
-0.10273002833127975
-0.03093760460615158
0.16298171877861023
-0.11399614065885544
-0.20403873920440674
-0.25289180874824524
0.07217227667570114
0.3514905273914337
0.1469322293996811
-0.15835240483283997
-0.01949525624513626
-0.005096024833619595
-0.07040148228406906
0.055192988365888596
0.12917236983776093
-0.05398132652044296
-0.0893409252166748
-0.05943821370601654
0.06599423289299011
0.17302155494689941
-0.08627019822597504
-0.040534719824790955
0.19441553950309753
0.008745134808123112
0.06361030787229538
-0.02543909102678299
0.06922052800655365
-0.11891172081232071
0.016872821375727654
-0.08988283574581146
0.023518305271863937
-0.010929973796010017
-0.08160445094108582
-0.04229378327727318
0.1002473533153534
-0.155350923538208
0.2369655817747116
-0.03352392837405205
-0.006709504872560501
0.006544854491949081
0.016892123967409134
-0.05015123263001442
-0.025812122970819473
0.17854370176792145
-0.26282787322998047
0.17710497975349426
0.1560080647468567
0.12055253982543945
0.17173774540424347
0.13996732234954834
0.10108856856822968
0.041600555181503296
-0.08961081504821777
-0.2781003415584564
-0.093800388276577
0.016672886908054352
-0.015614461153745651
0.019131790846586227
0.054812539368867874
