-0.011284157633781433
0.1715410351753235
0.12173163145780563
-0.06549813598394394
-0.12130718678236008
0.08639612793922424
-0.15632803738117218
-0.06643204391002655
0.05444766953587532
-0.1806679666042328
0.295728862285614
-0.05098376423120499
-0.21611303091049194
-0.03276962786912918
-0.01507563516497612
0.14796477556228638
-0.1396184265613556
-0.11506732553243637
-0.11835243552923203
-0.0868900865316391
0.019190849736332893
0.09108763933181763
-0.013288741931319237
-0.002328095957636833
-0.10974671691656113
-0.3233413100242615
-0.033767566084861755
-0.047477226704359055
0.09794744104146957
-0.13761542737483978
-0.0792357549071312
-0.028470097109675407
-0.1364448219537735
0.03589198365807533
0.0087081678211689
0.0454811230301857
-0.0942339226603508
-0.06609136611223221
0.1921364665031433
0.002221430651843548
-0.22206541895866394
0.08890153467655182
0.02641379088163376
0.19412803649902344
0.14794063568115234
0.046794500201940536
-0.002173604443669319
-0.12288719415664673
0.19175668060779572
-0.23881655931472778
0.15272076427936554
0.17481479048728943
0.1568346917629242
0.10799490660429001
0.06245531886816025
-0.20044466853141785
0.00071757473051548
0.13945339620113373
-0.1460351198911667
0.06604094058275223
0.04920407384634018
-0.08897703886032104
0.01414419338107109
-0.07093891501426697
0.13401484489440918
0.11353839933872223
-0.09377314150333405
-0.1755843460559845
0.14010027050971985
-0.0933893695473671
-0.04095843434333801
0.15261483192443848
-0.0797066017985344
-0.15212956070899963
-0.25512194633483887
0.05458822846412659
0.350896954536438
0.15440794825553894
-0.18855099380016327
-0.05117196589708328
-0.0022376489359885454
-0.05809388309717178
0.05166777968406677
0.0894153043627739
-0.11374726891517639
-0.06215899437665939
-0.07264097034931183
0.05678021162748337
0.18598678708076477
-0.04785064607858658
-0.030220942571759224
0.2590758800506592
0.03263987973332405
0.11442696303129196
0.02713930606842041
0.09448184072971344
-0.14878447353839874
-0.030984917655587196
-0.07301788032054901
-0.003375341184437275
0.008072543889284134
-0.08801563084125519
-0.04859602451324463
0.10150815546512604
-0.15896452963352203
0.2379177361726761
-0.03809719532728195
0.025756575167179108
0.008065575733780861
0.03464064374566078
-0.026834681630134583
-0.023149313405156136
0.15971162915229797
-0.23185306787490845
0.1631757616996765
0.1575198769569397
0.10407371819019318
0.14407788217067719
0.14943437278270721
0.05508769303560257
0.003544554114341736
-0.11955254524946213
-0.22750653326511383
-0.099864162504673
0.04835222288966179
-0.05955304205417633
0.015724677592515945
0.059908438473939896
