-0.09798086434602737
0.16821114718914032
0.057632867246866226
-0.058563120663166046
-0.10050411522388458
0.11776131391525269
-0.13345949351787567
-0.04262479394674301
0.11700206249952316
-0.15094898641109467
0.2318965494632721
-0.01689887046813965
-0.22315241396427155
-0.021604815497994423
-0.07838860899209976
0.11919526010751724
-0.1397213190793991
-0.18848715722560883
-0.02455201745033264
-0.022402402013540268
0.05511234328150749
0.06446018069982529
-0.03536565601825714
0.028561342507600784
-0.18696221709251404
-0.3330809772014618
-0.08749286085367203
-0.08656841516494751
0.02845057100057602
-0.10600579530000687
-0.03716995567083359
-0.046075619757175446
-0.16407236456871033
0.0385117344558239
0.0001720171421766281
0.09131450206041336
-0.01946481689810753
-0.05609434098005295
0.19593100249767303
0.05884751304984093
-0.17525076866149902
0.06286469846963882
0.04599669203162193
0.3089947998523712
0.10451285541057587
0.02122257649898529
-0.006473705172538757
-0.041974976658821106
0.10411868989467621
-0.23310087621212006
0.12599444389343262
0.17256419360637665
0.14620085060596466
0.09268249571323395
0.07549986243247986
-0.13081896305084229
0.04492434859275818
0.1616615653038025
-0.1820761114358902
0.04778401926159859
0.02545008808374405
-0.013030895963311195
0.017665069550275803
-0.03310297429561615
0.19983409345149994
0.12932410836219788
-0.0710105448961258
-0.15621842443943024
0.1559269279241562
-0.1038946807384491
-0.04140708968043327
0.10029133409261703
-0.08660966157913208
-0.17108386754989624
-0.18022987246513367
0.10488846898078918
0.40414297580718994
0.2261359989643097
-0.19494672119617462
0.043701671063899994
-0.0023508400190621614
-0.0750582292675972
0.08358447998762131
0.05500030145049095
-0.07717897742986679
0.0002505499869585037
-0.1028423085808754
0.06352807581424713
0.2033194899559021
0.021622996777296066
-0.008153876289725304
0.20855112373828888
0.06115271523594856
0.023305058479309082
0.08970079571008682
0.01669682376086712
-0.12380421906709671
-0.01687592640519142
-0.13035063445568085
-0.03043185919523239
-0.029843581840395927
-0.02704377844929695
-0.049493130296468735
0.09801902621984482
-0.14274826645851135
0.16637644171714783
0.008115756325423717
-0.08529478311538696
-0.0482117235660553
0.07125132530927658
-0.061547476798295975
-0.038215521723032
0.13540910184383392
-0.2565384805202484
0.12272516638040543
0.10172465443611145
0.05375479534268379
0.16120752692222595
0.1266189068555832
0.05561504885554314
0.018541701138019562
-0.0634288638830185
-0.17912815511226654
-0.11813046038150787
0.06352291256189346
-0.06299266219139099
0.07658646255731583
0.021568944677710533
