-0.07730941474437714
0.18056145310401917
0.07578038424253464
-0.04010557383298874
-0.10294495522975922
0.16259881854057312
-0.10373872518539429
-0.02174271270632744
0.07502532005310059
-0.1559603065252304
0.3087269067764282
-0.029220059514045715
-0.21817249059677124
-0.05273550748825073
0.03789687156677246
0.1830494999885559
-0.1104789450764656
-0.09251133352518082
-0.1348194032907486
-0.08543967455625534
0.04385528340935707
0.10996482521295547
-0.0249729473143816
0.026181159541010857
-0.12691444158554077
-0.3574448525905609
0.0035087168216705322
-0.05353155732154846
0.02155335061252117
-0.15055839717388153
-0.04923785477876663
-0.009587124921381474
-0.1314966231584549
0.09224800765514374
0.00031422730535268784
0.0398111492395401
-0.08370120078325272
-0.07426777482032776
0.23399151861667633
0.009757626801729202
-0.21189746260643005
0.07019439339637756
0.007448112592101097
0.24378299713134766
0.15343600511550903
-0.04031643271446228
0.03293290361762047
-0.11335166543722153
0.18126130104064941
-0.1943717747926712
0.048362039029598236
0.1937343180179596
0.10154975950717926
0.06271831691265106
0.013943708501756191
-0.12492046505212784
-0.044751547276973724
0.08143118023872375
-0.12580472230911255
-0.014914099127054214
0.020801447331905365
-0.10849254578351974
-0.07904143631458282
-0.14936067163944244
0.1306006908416748
0.08550391346216202
-0.1229589655995369
-0.23254455626010895
0.10827694088220596
-0.07568514347076416
-0.07205662876367569
0.1222715675830841
-0.15977929532527924
-0.19555039703845978
-0.2808082401752472
0.091407909989357
0.39417439699172974
0.1028626561164856
-0.210943803191185
0.019100051373243332
-0.0035613602958619595
-0.07590104639530182
0.05686037987470627
0.1588006466627121
-0.037733592092990875
-0.059074267745018005
-0.025321681052446365
0.12159403413534164
0.22364558279514313
-0.08478555083274841
-0.04198943451046944
0.18158569931983948
0.038295116275548935
0.06529848277568817
-0.003442453220486641
0.077488474547863
-0.07625824213027954
0.011374326422810555
-0.06826493889093399
0.05288156121969223
-0.018080223351716995
-0.08341854810714722
-0.023757006973028183
0.07751639932394028
-0.1879119575023651
0.26527297496795654
0.013367115519940853
0.0013845795765519142
0.027508266270160675
0.03857273608446121
-0.10570915043354034
-0.007859760895371437
0.15454085171222687
-0.24955624341964722
0.1525314897298813
0.15557071566581726
0.10001363605260849
0.1500450074672699
0.14106008410453796
0.11686424165964127
-0.0009949253872036934
-0.0012142984196543694
-0.25903183221817017
-0.09787777811288834
0.07421006262302399
0.0026356857270002365
0.014848101884126663
0.01618053950369358
