-0.055741410702466965
0.16587235033512115
0.10194334387779236
-0.08316762000322342
-0.10585899651050568
0.14991964399814606
-0.1044737845659256
-0.022700976580381393
0.07330040633678436
-0.1877632886171341
0.2733624279499054
-0.016759149730205536
-0.2333398163318634
-0.027088327333331108
0.060618989169597626
0.16001801192760468
-0.11866890639066696
-0.10755088180303574
-0.10890913009643555
-0.04780938848853111
0.029233211651444435
0.12835025787353516
-0.010900991037487984
0.012257227674126625
-0.09000684320926666
-0.37397342920303345
-0.033246275037527084
-0.03666677325963974
0.028956539928913116
-0.122298464179039
-0.030089594423770905
-0.013324476778507233
-0.11562132835388184
0.1095152348279953
0.029404768720269203
0.05688347667455673
-0.11853595077991486
-0.07722556591033936
0.2262156456708908
0.04408793896436691
-0.24768699705600739
0.058625172823667526
-0.010966770350933075
0.25176191329956055
0.11943695694208145
0.0005816088523715734
0.011565698310732841
-0.08048928529024124
0.14447475969791412
-0.22491975128650665
0.089471735060215
0.20711751282215118
0.11242884397506714
0.05128953605890274
0.015746179968118668
-0.12445209920406342
-0.0005370695143938065
0.08448132127523422
-0.19705834984779358
0.00819428637623787
0.06227819621562958
-0.13841862976551056
-0.08084889501333237
-0.10136733949184418
0.1335241198539734
0.140531525015831
-0.137814000248909
-0.23891127109527588
0.11406351625919342
-0.1044740080833435
-0.08068940043449402
0.13794732093811035
-0.16245204210281372
-0.1876497119665146
-0.2426876425743103
0.06466001272201538
0.3863504230976105
0.1363966166973114
-0.16888603568077087
-0.021789709106087685
0.002810425590723753
-0.03708411380648613
0.05389851704239845
0.16523359715938568
-0.0779154896736145
-0.047945789992809296
-0.016541289165616035
0.11371535807847977
0.17881204187870026
-0.06546229124069214
-0.08702801167964935
0.20069271326065063
0.041463449597358704
0.07314097881317139
-0.00377202732488513
0.05344401299953461
-0.036602720618247986
-0.032627761363983154
-0.08903376013040543
0.013307108543813229
-0.007158656604588032
-0.08280275762081146
-0.030769404023885727
0.11776759475469589
-0.20417140424251556
0.2763545513153076
-0.002210361883044243
-0.02304529957473278
0.04740765690803528
0.05345448479056358
-0.10097005218267441
-0.02033917047083378
0.14203542470932007
-0.26280173659324646
0.15392987430095673
0.19170719385147095
0.11264704167842865
0.1252622753381729
0.13523076474666595
0.07563286274671555
0.014647119678556919
-0.05905109643936157
-0.26706817746162415
-0.12119034677743912
0.06723154336214066
0.017319826409220695
0.03649543598294258
0.0023512053303420544
