-0.11526361107826233
0.1678832769393921
0.08594170212745667
-0.0493231900036335
-0.1251642405986786
0.16733580827713013
-0.1283528059720993
-0.022602124139666557
0.11284996569156647
-0.16050049662590027
0.2559936046600342
0.023433957248926163
-0.2163703739643097
-0.02622886933386326
0.03060198947787285
0.16870446503162384
-0.11262531578540802
-0.07617949694395065
-0.08398212492465973
-0.08762120455503464
0.0734291821718216
0.092717744410038
-0.02156171202659607
0.014657137915492058
-0.06957553327083588
-0.3549436926841736
-0.027551734820008278
-0.04669064283370972
-0.0007145991548895836
-0.11206239461898804
-0.03800758719444275
-0.041834935545921326
-0.1288561224937439
0.11827060580253601
0.003993568941950798
0.04681321978569031
-0.08814068883657455
-0.07182546705007553
0.17741651833057404
-0.030664902180433273
-0.18764111399650574
0.05560944229364395
-0.005572805181145668
0.18700926005840302
0.1291961967945099
5.781569052487612e-05
0.013926411047577858
-0.07437999546527863
0.15740299224853516
-0.19930057227611542
0.0444028377532959
0.1943766325712204
0.10502395778894424
0.027986064553260803
0.04966508969664574
-0.13342732191085815
-0.020304031670093536
0.07322895526885986
-0.12864075601100922
0.0026902800891548395
0.00470802653580904
-0.15627388656139374
-0.0823584720492363
-0.1206061840057373
0.14727188646793365
0.12752854824066162
-0.12542597949504852
-0.2365637719631195
0.12465877830982208
-0.09221312403678894
-0.06688385456800461
0.09408023953437805
-0.1523374766111374
-0.2200709730386734
-0.2503841817378998
0.08881285041570663
0.40440264344215393
0.14235350489616394
-0.2235192358493805
0.020132433623075485
-0.0008604993345215917
-0.037136051803827286
0.05433400347828865
0.17049463093280792
-0.03688005730509758
-0.07046498358249664
-0.06257937103509903
0.06381823867559433
0.20641650259494781
-0.08484525978565216
-0.05236876383423805
0.2005305141210556
0.04984290152788162
0.07324694097042084
-0.027055371552705765
0.043012190610170364
-0.042800553143024445
-0.027422837913036346
-0.07753701508045197
0.029135895892977715
-0.04782750830054283
-0.08011884242296219
-0.06267356127500534
0.0733518972992897
-0.18297968804836273
0.21695461869239807
-0.0028955659363418818
-0.023331113159656525
-0.024569258093833923
0.039907440543174744
-0.11746776849031448
-0.006003041286021471
0.13014379143714905
-0.26475852727890015
0.17288142442703247
0.18028831481933594
0.10514883697032928
0.18930001556873322
0.10894893109798431
0.11270763725042343
0.034527212381362915
-0.037852704524993896
-0.21940214931964874
-0.1330849528312683
0.04881540685892105
-0.002333348151296377
-0.013104293495416641
0.028719648718833923
