-0.011484676040709019
0.1558716893196106
0.12279379367828369
-0.06761927902698517
-0.10763635486364365
0.12340843677520752
-0.14585407078266144
-0.05340635031461716
0.03773164749145508
-0.17609481513500214
0.2932586371898651
-0.04309263080358505
-0.21512499451637268
-0.038183052092790604
0.03579677641391754
0.12587735056877136
-0.14350789785385132
-0.08851233869791031
-0.11953700333833694
-0.054530173540115356
-0.02103070728480816
0.0903104916214943
-0.0020788887050002813
-0.026213984936475754
-0.08376110345125198
-0.331745982170105
-0.04727546125650406
-0.06601393222808838
0.04801130294799805
-0.12418172508478165
-0.04060370847582817
-0.055656980723142624
-0.12177569419145584
0.06977495551109314
0.007755341939628124
0.03367556631565094
-0.10778845846652985
-0.04067458212375641
0.1862449049949646
-0.06407982856035233
-0.2150523066520691
0.07151684165000916
0.03542188182473183
0.17582738399505615
0.16083918511867523
0.05440386012196541
0.009849511086940765
-0.11256815493106842
0.15448513627052307
-0.2012556940317154
0.14093849062919617
0.16554461419582367
0.14546644687652588
0.07388568669557571
0.056853845715522766
-0.18550729751586914
-0.028434928506612778
0.1377900093793869
-0.1363697499036789
0.06167862191796303
0.053126994520425797
-0.1038445383310318
-0.007869976572692394
-0.08282693475484848
0.15013331174850464
0.08987979590892792
-0.12610051035881042
-0.23622043430805206
0.13732458651065826
-0.12083355337381363
-0.06016843393445015
0.13935665786266327
-0.10649731010198593
-0.1869276463985443
-0.2838945686817169
0.0623631551861763
0.3388296663761139
0.1356182098388672
-0.19040977954864502
-0.025419464334845543
-0.003666244214400649
-0.06379374116659164
0.03334948420524597
0.13748392462730408
-0.06055402383208275
-0.08474397659301758
-0.06590163707733154
0.036632195115089417
0.17809276282787323
-0.08632679283618927
-0.034508612006902695
0.19150801002979279
0.006075909361243248
0.06381810456514359
-0.010872365906834602
0.07324133068323135
-0.11790008097887039
0.0018036551773548126
-0.08131769299507141
0.03733539581298828
-0.03922417759895325
-0.08775285631418228
-0.05470651388168335
0.10605257749557495
-0.15252064168453217
0.25664347410202026
-0.04035446420311928
-0.0061343638226389885
0.003782283514738083
0.029409661889076233
-0.043985627591609955
-0.03581146150827408
0.18133282661437988
-0.28209221363067627
0.1631775051355362
0.16792605817317963
0.10682468861341476
0.17017516493797302
0.13163599371910095
0.12068283557891846
0.019074156880378723
-0.04722660407423973
-0.27352163195610046
-0.11033201962709427
0.014282604679465294
-0.03373386338353157
0.017179029062390327
0.06973551213741302
