-0.04621069133281708
0.12496118247509003
0.09623713791370392
-0.09336921572685242
-0.12158841639757156
0.12050764262676239
-0.11447858065366745
0.014477812685072422
0.13462448120117188
-0.15879863500595093
0.3069906532764435
-0.09742319583892822
-0.27793630957603455
0.006713038310408592
0.053891316056251526
0.13869443535804749
-0.16890764236450195
-0.10727354139089584
-0.08973869681358337
-0.054617419838905334
-0.031552065163850784
0.05359291285276413
-0.03962817043066025
0.026786580681800842
-0.1085122674703598
-0.3665722906589508
-0.06795848906040192
-0.10147601366043091
-0.002645328640937805
-0.09989676624536514
-0.07531308382749557
0.01073630154132843
-0.12501689791679382
-0.020390046760439873
0.05954933166503906
0.03009466826915741
-0.055492669343948364
-0.0544232577085495
0.2085198312997818
-0.026920581236481667
-0.17946316301822662
0.04402126744389534
0.08692198991775513
0.19469232857227325
0.10459218919277191
0.09054241329431534
-0.020624805241823196
-0.07555496692657471
0.1100199967622757
-0.2115790992975235
0.08939673006534576
0.2178705781698227
0.17498235404491425
0.09766989201307297
0.03676664084196091
-0.1715102344751358
0.012264772318303585
0.11467067897319794
-0.1927482634782791
0.0756010189652443
0.1002226322889328
-0.08218823373317719
-0.023445963859558105
-0.08803094923496246
0.23326602578163147
0.1366586685180664
-0.15238343179225922
-0.2282518893480301
0.13177165389060974
-0.08333965390920639
-0.09371247887611389
0.1199064701795578
-0.15918879210948944
-0.19914139807224274
-0.23400554060935974
0.0774269700050354
0.3745754063129425
0.15850193798542023
-0.20240998268127441
-0.03875134512782097
-0.04948386922478676
-0.08714296668767929
0.004164000973105431
0.10253243148326874
-0.07768597453832626
-0.09788277745246887
-0.033326663076877594
0.03430502116680145
0.19900637865066528
-0.01927604153752327
-0.043813306838274
0.17438046634197235
0.008794226683676243
0.0701165571808815
-0.002177620306611061
0.05701320618391037
-0.09439950436353683
-0.03444678708910942
-0.13034822046756744
0.02766643837094307
-0.03677748143672943
-0.08726560324430466
-0.05964864790439606
0.10582001507282257
-0.18666763603687286
0.18780328333377838
-0.029787421226501465
-0.06701388955116272
-0.03486276790499687
0.09420011192560196
-0.08467787504196167
-0.014288299717009068
0.19042597711086273
-0.30460265278816223
0.1796020120382309
0.1608613133430481
0.1387108713388443
0.14198561012744904
0.11686678975820541
0.09255900979042053
0.02790944278240204
-0.0482931062579155
-0.23937074840068817
-0.1685740202665329
0.04066608473658562
-0.023664243519306183
0.07625151425600052
0.04610775038599968
