-0.05417997017502785
0.16349276900291443
0.1145891398191452
-0.08500437438488007
-0.10399188846349716
0.15610213577747345
-0.09331852197647095
-0.017430150881409645
0.0861034095287323
-0.1905481219291687
0.3045109510421753
-0.021740499883890152
-0.2491304576396942
-0.023885447531938553
0.05503242462873459
0.16295041143894196
-0.12003438174724579
-0.08022622764110565
-0.0962914526462555
-0.06608357280492783
0.07193025201559067
0.12691310048103333
-0.00400790199637413
-0.005927641410380602
-0.09756188094615936
-0.375065416097641
-0.03636803478002548
-0.05285268649458885
0.05169333145022392
-0.11745979636907578
-0.023569460958242416
-0.011500328779220581
-0.10738380253314972
0.1079540103673935
0.014216410927474499
0.03820033371448517
-0.12212643772363663
-0.07020124793052673
0.22838786244392395
0.0268666110932827
-0.2495056539773941
0.06399672478437424
-0.0011544562876224518
0.2410448044538498
0.11759775876998901
-0.00350978784263134
0.019460666924715042
-0.0816475972533226
0.16542264819145203
-0.22068756818771362
0.07803981751203537
0.202900230884552
0.14334912598133087
0.0635591596364975
0.036668479442596436
-0.1196177750825882
-0.0007199496030807495
0.09027673304080963
-0.2013532817363739
0.01709897629916668
0.06296521425247192
-0.12789596617221832
-0.06130582466721535
-0.10729561746120453
0.14383922517299652
0.12418355792760849
-0.1524636447429657
-0.22688530385494232
0.11488892883062363
-0.09949439764022827
-0.09009235352277756
0.13506320118904114
-0.17852337658405304
-0.18274524807929993
-0.2604728639125824
0.05744398757815361
0.36836862564086914
0.1284298449754715
-0.17373816668987274
-0.006348403170704842
0.006080172024667263
-0.03599647805094719
0.04427819699048996
0.1831769496202469
-0.07937145978212357
-0.02773558534681797
-0.011119806207716465
0.09577862918376923
0.16880768537521362
-0.08943796157836914
-0.07571729272603989
0.23178012669086456
0.041421011090278625
0.0976465493440628
-0.01239512674510479
0.056999560445547104
-0.06404098123311996
-0.054829832166433334
-0.08805976808071136
0.008579220622777939
-0.028871333226561546
-0.08720614016056061
-0.03072013519704342
0.11230160295963287
-0.21296058595180511
0.2940024137496948
-0.019038721919059753
0.0017549935728311539
0.026972642168402672
0.0457201823592186
-0.08056813478469849
-0.0001308770151808858
0.13329197466373444
-0.25870031118392944
0.1494516134262085
0.1865394413471222
0.11350630968809128
0.12209160625934601
0.1453101485967636
0.05861014872789383
0.00993750337511301
-0.05065254494547844
-0.27493301033973694
-0.1163325384259224
0.06756263226270676
-0.01028161309659481
0.022402603179216385
0.0036248578689992428
