-0.06226503849029541
0.18868744373321533
0.10189537703990936
-0.08736608177423477
-0.11813432723283768
0.16479848325252533
-0.07955282926559448
-0.004901248030364513
0.09543056041002274
-0.18545736372470856
0.2915327847003937
-0.012506714090704918
-0.25319087505340576
-0.031784240156412125
0.05127374455332756
0.16364574432373047
-0.1462884098291397
-0.0965396910905838
-0.12236446142196655
-0.08107087016105652
0.046377815306186676
0.1281738132238388
-0.0035961754620075226
-0.01184336468577385
-0.11576239764690399
-0.3829886019229889
-0.008487786166369915
-0.044059425592422485
0.06713569164276123
-0.12409333139657974
-0.008236153982579708
-0.0014280540635809302
-0.1281803548336029
0.09862005710601807
0.010932928882539272
0.03858358412981033
-0.11091984063386917
-0.0713745504617691
0.2445584237575531
0.025745362043380737
-0.24378077685832977
0.04768688604235649
-0.0008005443960428238
0.24497003853321075
0.10648063570261002
-0.02273315191268921
0.021703645586967468
-0.0885738804936409
0.16608458757400513
-0.21875132620334625
0.09073866158723831
0.21436816453933716
0.12358905375003815
0.07130502164363861
0.029916390776634216
-0.13037049770355225
-0.008976902812719345
0.10002978891134262
-0.17740118503570557
0.0027369887102395296
0.04995714873075485
-0.12382222712039948
-0.07170123606920242
-0.1023600697517395
0.1423778384923935
0.10536795854568481
-0.13683664798736572
-0.22951503098011017
0.12492435425519943
-0.06798519939184189
-0.07179828733205795
0.1380254179239273
-0.16315917670726776
-0.1655556857585907
-0.2589101195335388
0.0752166360616684
0.37421295046806335
0.11488619446754456
-0.169404074549675
-0.012911339290440083
-0.018985848873853683
-0.05263147130608559
0.04560181125998497
0.17864839732646942
-0.08738283067941666
-0.04567195475101471
-0.008131314069032669
0.13037090003490448
0.16569693386554718
-0.0813734382390976
-0.08676685392856598
0.21642270684242249
0.05598084256052971
0.08371396362781525
-0.014425826258957386
0.06012169271707535
-0.07593563199043274
-0.034424055367708206
-0.07929980754852295
0.015930727124214172
0.018905160948634148
-0.07823484390974045
-0.03584238141775131
0.12199018895626068
-0.20204178988933563
0.27284321188926697
0.0013168370351195335
-0.003857674077153206
0.052162326872348785
0.04237542301416397
-0.07922124117612839
-0.025468509644269943
0.13452616333961487
-0.2604130506515503
0.16484276950359344
0.18325547873973846
0.08675523102283478
0.135613813996315
0.15001781284809113
0.06254258751869202
0.024870488792657852
-0.05142468586564064
-0.2609863579273224
-0.11069220304489136
0.0823463723063469
0.002230084501206875
0.015730099752545357
0.003590973559767008
