-0.01699134148657322
0.15644347667694092
0.12889498472213745
-0.062159910798072815
-0.1445014625787735
0.09634315967559814
-0.14894872903823853
-0.052842218428850174
0.0500965416431427
-0.2033867985010147
0.32124102115631104
-0.02978811040520668
-0.2129097580909729
-0.02597726695239544
0.02073918841779232
0.15484967827796936
-0.12608729302883148
-0.10032995045185089
-0.12196473777294159
-0.05758471041917801
0.014594577252864838
0.09996949136257172
-0.011655867099761963
-0.0015286942943930626
-0.0739029124379158
-0.32878032326698303
-0.03022185154259205
-0.016739115118980408
0.10149871557950974
-0.13655917346477509
-0.06815318763256073
-0.012484950013458729
-0.1290048211812973
0.026938680559396744
0.014536816626787186
0.07093822956085205
-0.10117049515247345
-0.07510591298341751
0.19467993080615997
-0.005078451707959175
-0.23709142208099365
0.06850574165582657
0.022633884102106094
0.1962413489818573
0.14168399572372437
0.04345070570707321
0.01563304290175438
-0.11135686188936234
0.15907391905784607
-0.23144011199474335
0.1386767476797104
0.15347450971603394
0.16635379195213318
0.08356846868991852
0.04974597692489624
-0.2012465000152588
-0.010518226772546768
0.14229938387870789
-0.15603819489479065
0.05015101283788681
0.0645848885178566
-0.09680860489606857
0.014928321354091167
-0.09175671637058258
0.145632803440094
0.10149548947811127
-0.10433538258075714
-0.20103707909584045
0.14489763975143433
-0.09396559745073318
-0.06728404760360718
0.16051065921783447
-0.09617380052804947
-0.16210533678531647
-0.26225152611732483
0.058390453457832336
0.3601389229297638
0.15089263021945953
-0.17089052498340607
-0.05435195937752724
0.018898628652095795
-0.08364895731210709
0.024452343583106995
0.12108209729194641
-0.07603240758180618
-0.06863776594400406
-0.05972744897007942
0.06277341395616531
0.1840038299560547
-0.04563385248184204
-0.033352456986904144
0.23861581087112427
0.03818007558584213
0.08517277985811234
0.008827099576592445
0.09050778299570084
-0.11942493915557861
-0.007711864076554775
-0.0872877836227417
0.004730298183858395
-0.021668661385774612
-0.09245549142360687
-0.038419488817453384
0.11193996667861938
-0.15870580077171326
0.24853457510471344
-0.053787462413311005
0.014524141326546669
0.016249967738986015
0.03195461630821228
-0.04938143119215965
-0.025818783789873123
0.16142970323562622
-0.24085906147956848
0.14453203976154327
0.17444729804992676
0.12645095586776733
0.14244598150253296
0.1510692685842514
0.081627257168293
0.03453832492232323
-0.1014949381351471
-0.2571428120136261
-0.11064915359020233
0.03703140467405319
-0.067916139960289
0.026004083454608917
0.0684824213385582
