-0.089845210313797
0.19772861897945404
0.07813084870576859
-0.06349143385887146
-0.13059580326080322
0.14817436039447784
-0.14307014644145966
-0.029212765395641327
0.08273383975028992
-0.1574578732252121
0.2568265199661255
0.030089596286416054
-0.23795393109321594
-0.020496247336268425
0.010551860556006432
0.18522439897060394
-0.138755202293396
-0.09371589124202728
-0.07777044922113419
-0.08043324202299118
0.05612914636731148
0.09058984369039536
-0.0416422002017498
-0.005503890570253134
-0.04672274366021156
-0.3310951590538025
-0.011240641586482525
-0.03582005947828293
-0.016294442117214203
-0.10590650141239166
0.00267114769667387
-0.03687071055173874
-0.14272591471672058
0.10484965890645981
0.012839308008551598
0.040534455329179764
-0.10753793269395828
-0.05253171920776367
0.1718408614397049
-0.03069346398115158
-0.191543310880661
0.046808838844299316
0.020199332386255264
0.1790977418422699
0.1283046156167984
-0.0018153960118070245
0.00714455358684063
-0.08505914360284805
0.13963718712329865
-0.1997460275888443
0.0335371270775795
0.19878651201725006
0.11499836295843124
0.05306468904018402
0.03279922902584076
-0.1591215431690216
-0.000982106663286686
0.09486202895641327
-0.1211773157119751
-0.001841266406700015
0.009764385409653187
-0.1473630666732788
-0.07903032004833221
-0.09480135887861252
0.1481485217809677
0.08401650190353394
-0.12832191586494446
-0.23706206679344177
0.13795940577983856
-0.0753168910741806
-0.07771466672420502
0.10553939640522003
-0.13307024538516998
-0.22045227885246277
-0.23987852036952972
0.08900601416826248
0.38088005781173706
0.12055034935474396
-0.21162152290344238
0.01548865344375372
0.011415664106607437
-0.05196472257375717
0.04324858635663986
0.16080810129642487
-0.027532514184713364
-0.09825606644153595
-0.06126793846487999
0.044500961899757385
0.18943443894386292
-0.08798825740814209
-0.04395977035164833
0.19634731113910675
0.03785799816250801
0.0724426805973053
-0.026064440608024597
0.060155101120471954
-0.05052458494901657
-0.0006976239383220673
-0.08487613499164581
0.013699858449399471
-0.04507030174136162
-0.09822849184274673
-0.0840468630194664
0.08807665854692459
-0.15682944655418396
0.2038244903087616
-0.002157257404178381
-0.0010480768978595734
-0.01971706934273243
0.0509980134665966
-0.09987501055002213
-0.035712387412786484
0.13774603605270386
-0.24627067148685455
0.19599083065986633
0.1958644837141037
0.07748577743768692
0.16763046383857727
0.1331363022327423
0.1152142584323883
0.04214605689048767
-0.05914699658751488
-0.2435436099767685
-0.13731248676776886
0.042849503457546234
-0.012562809512019157
-0.03460714593529701
0.020435824990272522
